1	004	005	030	033	041	052
2	009	037	039	041	043	049
3	010	011	029	030	036	047
4	001	005	006	027	042	059
5	001	002	006	016	019	046
6	007	013	019	022	040	047
7	003	005	020	021	038	056
8	004	017	037	038	047	053
9	008	043	054	055	056	060
10	004	018	021	025	038	057
11	015	025	037	038	058	059
12	004	016	019	020	027	043
13	018	032	047	050	054	056
14	002	016	023	027	047	053
15	012	033	035	051	052	060
16	020	032	034	049	058	060
17	006	010	013	019	020	051
18	023	027	036	037	042	056
19	005	010	012	024	025	060
20	011	025	028	030	033	051
21	006	033	036	046	049	053
22	001	009	031	038	046	056
23	017	037	039	051	052	059
24	001	008	014	028	033	043
25	024	043	050	054	055	056
26	010	022	050	053	057	058
27	013	017	020	033	044	051
28	003	006	022	024	054	060
29	003	008	014	043	056	058
30	007	014	015	029	038	050
31	017	019	028	045	048	056
32	005	014	033	036	043	044
33	005	017	033	039	042	049
34	013	015	017	040	053	057
35	004	016	021	023	054	057
36	003	013	017	025	029	051
37	006	007	022	038	052	060
38	010	042	043	045	054	055
39	012	016	037	045	052	056
40	003	005	008	012	046	047
41	012	026	035	038	039	047
42	007	011	019	024	033	036
43	002	006	017	025	026	058
44	014	018	029	038	044	047
45	007	030	037	044	053	055
46	001	023	024	032	046	060
47	003	017	025	035	048	056
48	002	005	028	034	047	050
49	007	013	033	035	043	055
50	006	016	021	044	057	058
51	017	023	024	025	042	047
52	015	030	038	046	058	059
53	003	013	016	038	042	046
54	005	009	018	021	036	056
55	002	014	023	029	038	052
56	002	007	020	035	051	059
57	007	016	017	027	034	059
58	012	027	030	037	044	049
59	002	008	013	028	034	054
60	003	014	015	020	021	038
61	008	018	029	042	044	059
62	006	008	013	024	031	052
63	009	025	026	040	041	049
64	008	012	023	050	054	060
65	001	005	020	025	032	034
66	012	013	015	026	033	048
67	012	014	017	027	047	052
68	001	003	012	013	053	059
69	025	034	045	053	056	058
70	017	023	027	040	043	058
71	016	027	033	043	045	053
72	001	019	034	043	044	048
73	025	026	028	045	051	057
74	002	024	034	037	038	050
75	021	024	035	036	037	049
76	008	017	018	023	033	053
77	021	029	040	049	054	057
78	012	022	025	031	032	046
79	002	013	017	025	031	043
80	023	028	037	040	048	051
81	010	023	041	047	054	060
82	015	018	029	036	051	053
83	004	015	016	024	042	057
84	004	006	010	025	034	040
85	006	015	030	037	045	047
86	006	021	022	034	036	054
87	004	005	011	028	032	040
88	004	018	029	037	043	045
89	013	034	042	044	055	059
90	009	021	026	040	052	054
91	002	004	010	035	039	060
92	001	003	005	023	024	051
93	002	022	028	031	036	053
94	008	018	028	051	052	055
95	006	040	045	046	050	060
96	004	007	026	040	042	058
97	005	011	014	035	053	056
98	013	014	031	033	035	043
99	011	024	030	033	046	060
100	014	029	030	046	048	051
101	001	018	029	031	037	039
102	019	020	037	042	044	056
103	001	007	009	049	054	057
104	001	004	013	021	038	052
105	003	013	031	043	046	049
106	005	016	024	035	038	039
107	002	004	016	024	051	052
108	021	024	029	034	059	060
109	001	013	044	048	049	054
110	018	031	043	052	057	058
111	004	022	025	032	033	052
112	012	020	034	037	042	043
113	007	026	028	034	054	055
114	006	012	018	037	047	054
115	004	006	014	020	024	038
116	005	013	032	036	042	051
117	020	025	027	033	042	053
118	009	022	025	037	056	057
119	001	021	036	038	047	050
120	003	016	027	040	045	046
121	002	029	041	044	053	055
122	011	017	020	039	043	053
123	013	014	016	026	032	042
124	005	015	034	041	052	057
125	025	041	047	053	056	059
126	006	010	011	028	032	040
127	021	029	050	051	054	059
128	003	009	018	021	023	043
129	001	009	010	032	046	054
130	013	029	038	042	049	053
131	004	009	017	027	030	044
132	007	009	035	041	044	050
133	005	006	019	034	039	057
134	004	025	032	036	052	060
135	021	022	035	040	053	059
136	001	017	025	038	045	059
137	015	016	019	022	026	049
138	005	014	027	037	040	041
139	003	013	026	027	041	042
140	007	031	041	044	046	055
141	010	013	022	041	042	058
142	008	015	019	020	054	059
143	006	018	020	040	050	053
144	008	032	036	044	045	055
145	015	016	031	041	043	051
146	025	032	034	042	051	060
147	006	016	023	024	028	038
148	032	035	041	055	058	059
149	007	011	020	028	045	048
150	012	044	050	052	054	055
151	003	016	020	043	052	056
152	005	012	015	029	051	058
153	002	030	031	042	045	047
154	008	010	024	033	045	048
0,00	SIM	SIM	A MEGA ESTÁ ACUMULADA - Próximo Conc. 155, será dia 20/02/1999
155	012	030	032	035	043	044
156	017	023	042	049	052	055
157	004	013	017	021	041	044
158	004	014	017	043	051	058
159	009	011	016	035	050	058
160	002	013	042	052	054	058
161	006	025	030	037	039	041
162	021	023	033	038	048	051
163	008	027	036	041	053	056
164	004	010	014	019	028	044
165	010	019	023	035	039	056
166	012	013	022	057	059	060
167	001	011	028	033	038	048
168	002	009	031	035	045	050
169	001	013	021	037	051	052
170	007	041	046	051	055	058
171	004	027	040	043	046	054
172	010	014	026	035	036	049
173	017	028	029	042	049	050
174	011	022	023	036	052	059
175	001	010	013	020	042	050
176	001	003	004	028	045	053
177	022	035	038	039	041	059
178	005	015	019	026	027	033
179	005	006	023	026	027	053
180	006	023	029	039	051	060
181	001	027	033	035	051	055
182	003	005	010	028	046	060
183	002	007	011	016	040	044
184	009	016	021	034	041	060
185	017	022	043	046	055	059
186	014	023	024	025	026	051
187	006	036	041	044	048	058
188	017	027	034	042	043	046
189	004	015	031	038	041	053
190	005	010	021	032	040	042
191	001	003	005	023	041	058
192	001	026	028	041	054	060
193	004	011	012	019	043	049
194	025	028	032	033	042	043
195	003	009	017	032	037	044
196	007	009	014	017	024	032
197	005	012	015	019	029	052
198	001	008	018	023	035	040
199	010	016	037	050	052	057
200	012	015	019	034	044	051
201	005	020	022	030	035	055
202	012	024	044	045	049	053
203	011	019	029	044	047	055
204	029	031	039	041	051	058
205	026	032	040	043	046	054
206	018	020	026	034	051	056
207	003	007	019	024	053	055
208	015	023	024	025	047	057
209	013	021	026	032	041	052
210	020	032	037	038	048	058
211	010	020	033	040	045	050
212	006	015	029	045	057	059
213	003	009	023	030	032	035
214	006	012	030	031	035	050
215	007	028	037	046	053	058
216	014	018	030	035	042	059
217	003	027	032	045	049	051
218	012	017	040	042	047	054
219	023	026	028	036	042	049
220	013	014	036	053	055	060
221	013	027	043	050	054	058
222	005	019	030	048	052	055
223	002	006	022	024	028	058
224	007	016	018	020	021	044
225	002	004	016	021	037	058
226	001	002	038	049	050	059
227	011	026	027	037	042	048
228	013	016	040	043	045	059
229	011	013	021	033	039	045
230	008	040	041	044	053	056
231	016	027	036	042	044	059
232	019	022	029	037	041	059
233	003	007	024	032	036	045
234	015	025	041	042	045	054
235	002	022	029	031	041	055
236	010	025	050	052	057	060
237	007	031	036	045	056	057
238	009	013	015	037	041	042
239	006	021	033	044	046	047
240	025	028	038	041	057	059
241	011	031	035	040	056	057
242	004	007	021	022	028	056
243	011	016	020	023	032	047
244	019	024	033	047	050	060
245	008	027	044	051	053	060
246	002	016	032	037	043	057
247	003	010	023	030	034	046
248	016	032	034	035	041	056
249	021	036	040	049	054	055
250	007	025	041	042	043	055
251	015	023	030	034	049	055
252	004	017	026	032	051	054
253	011	012	024	037	044	056
254	001	004	021	022	030	056
255	016	019	020	032	044	055
256	002	021	026	032	034	052
257	001	004	005	019	028	034
258	007	012	050	054	055	060
259	013	015	020	033	043	058
260	004	006	033	043	059	060
261	005	016	020	030	054	056
262	011	020	048	053	058	060
263	008	009	026	043	050	053
264	001	005	013	025	031	033
265	007	016	034	041	050	053
266	002	023	038	046	048	054
267	001	008	045	046	055	058
268	005	006	010	021	033	047
269	017	018	019	025	049	052
270	005	009	027	035	040	045
271	014	024	026	029	031	054
272	009	010	024	036	056	058
273	010	017	023	027	047	052
274	011	013	018	026	039	047
275	016	019	030	037	038	048
276	022	039	045	053	057	059
277	004	026	038	040	052	056
278	010	015	018	022	031	055
279	004	023	031	047	058	059
280	005	016	020	025	030	058
281	005	011	031	038	047	053
282	009	014	023	024	033	036
283	025	028	034	042	048	054
284	007	008	014	030	032	036
285	012	032	037	041	050	056
286	029	035	037	044	047	056
287	003	013	025	033	047	060
288	006	009	011	017	018	050
289	006	007	020	025	030	036
290	007	025	026	030	040	057
291	005	016	017	018	022	041
292	013	023	024	034	045	053
293	005	006	007	012	028	035
294	022	025	028	041	045	057
295	007	012	024	031	044	050
296	003	020	042	046	051	052
297	001	020	028	033	036	041
298	005	022	023	024	034	060
299	002	005	007	033	049	053
300	024	027	028	038	041	057
301	009	026	048	049	057	058
302	012	025	030	040	041	060
303	007	013	017	030	037	047
304	007	011	034	041	042	059
305	005	011	027	038	053	060
306	019	030	041	047	056	057
307	013	016	017	026	041	044
308	004	011	025	029	039	055
309	004	011	025	039	050	055
310	002	014	028	029	031	032
311	022	024	030	032	038	041
312	014	023	030	041	047	050
313	014	016	024	037	038	053
314	005	032	034	037	040	058
315	012	021	022	028	043	050
316	006	024	028	043	051	056
317	016	020	027	030	035	048
318	003	019	020	031	040	053
319	012	016	017	019	023	048
320	020	022	027	047	050	053
321	004	011	031	032	048	049
322	011	018	029	044	047	056
323	026	031	033	040	049	054
324	008	015	022	025	030	047
325	001	003	004	021	023	053
326	021	023	040	044	051	052
327	029	032	033	038	046	048
328	005	007	014	021	023	051
329	010	011	012	024	035	040
330	002	004	014	023	037	051
331	001	013	020	027	035	037
332	023	028	029	034	042	044
333	004	027	035	044	052	053
334	014	023	024	026	041	051
335	007	023	033	043	057	059
336	002	018	022	026	030	054
337	004	014	016	031	052	054
338	001	004	009	036	046	048
339	005	012	013	016	027	050
340	009	010	012	033	042	060
341	005	016	022	023	043	056
342	016	029	034	049	051	054
343	004	006	007	012	024	041
344	010	012	014	033	035	036
345	011	022	046	051	056	058
346	007	012	041	046	056	060
347	001	010	012	026	048	052
348	019	030	033	039	040	052
349	008	009	028	032	038	054
350	010	015	023	030	043	057
351	015	016	024	041	059	060
352	007	020	025	044	047	049
353	019	023	030	046	055	060
354	007	016	038	040	041	052
355	002	014	022	023	037	060
356	005	019	021	054	056	058
357	002	030	032	035	045	053
358	012	017	021	032	040	042
359	013	019	020	029	031	054
360	023	024	029	047	053	055
361	016	028	031	041	045	059
362	007	020	033	037	046	056
363	019	029	039	047	049	054
364	005	029	044	051	057	059
365	019	023	034	037	052	058
366	004	006	007	015	021	051
367	010	012	027	033	049	052
368	013	029	032	038	044	050
369	001	014	021	035	042	060
370	001	004	040	042	051	054
371	004	018	023	033	039	060
372	016	017	024	039	046	057
373	001	005	010	024	031	033
374	002	005	016	026	044	054
375	001	005	009	042	051	058
376	010	013	025	035	043	048
377	003	012	019	027	045	046
378	005	038	041	045	048	055
379	024	033	040	041	055	059
380	013	022	030	031	047	057
381	009	010	028	046	055	056
382	031	034	037	038	053	054
383	014	022	048	050	053	056
384	024	028	040	047	050	052
385	005	012	016	018	022	024
386	017	035	036	039	043	054
387	022	028	029	043	047	048
388	023	036	048	052	053	058
389	005	014	018	043	046	054
390	007	012	022	034	038	053
391	004	007	015	016	035	040
392	015	023	031	039	047	049
393	006	012	035	036	040	050
394	005	015	035	042	045	049
395	010	011	014	020	031	058
396	006	018	034	042	045	047
397	001	002	005	024	032	046
398	007	016	022	028	036	037
399	011	016	027	047	055	059
400	010	013	028	029	054	059
401	011	018	043	044	050	053
402	005	016	027	043	056	058
403	007	016	027	031	046	060
404	001	024	028	038	040	058
405	024	029	034	047	057	060
406	002	012	032	038	047	048
407	002	018	022	049	051	057
408	014	028	033	044	049	056
409	018	025	026	031	034	049
410	008	024	031	036	038	055
411	010	012	031	038	045	056
412	005	012	014	021	045	059
413	002	004	029	033	035	053
414	016	026	035	045	052	058
415	001	004	027	038	042	044
416	001	013	023	033	054	056
417	007	012	021	025	034	042
418	008	015	032	045	049	052
419	009	016	041	042	052	053
420	012	029	030	043	057	059
421	005	035	037	038	045	051
422	012	037	043	055	056	060
423	008	022	032	033	040	053
424	018	027	029	036	046	059
425	006	010	016	034	042	047
0,00	NAO	SIM	Estimativa de prêmio (SENA) próximo concurso: R$700.000,00. A CAIXA informa que o concurso 426 da Mega Sena acontecerá em 04/01/2003 (sábado).
426	007	030	032	037	050	054
427	003	013	014	024	043	051
428	008	028	030	032	046	060
429	017	026	032	036	043	055
430	008	010	021	025	038	050
431	026	037	040	047	052	058
432	004	013	017	027	039	050
433	016	017	028	030	036	054
434	004	010	017	024	030	054
435	010	011	017	031	037	043
436	001	006	007	029	048	057
437	007	010	030	044	054	059
438	003	005	011	014	038	048
439	013	020	029	042	043	057
440	003	005	023	030	046	047
441	002	010	015	021	058	059
0,00	SIM	SIM	Estimativa de prêmio (SENA) próximo concurso: R$21.000.000,00 (VINTE E UM MILHÕES!!!). No dia 05/03/2003 (Quarta-feira de Cinzas) não haverá sorteio da Loteria Federal, Lotomania e Mega-Sena.
442	006	015	023	031	037	059
0,00	NAO	SIM	Estimativa de prêmio (SENA) próximo concurso: R$700.000,00. A CAIXA informa que o concurso 443 da Mega Sena acontecerá em 08/03/2003.
443	011	017	026	036	048	052
444	003	024	033	048	052	057
445	007	020	031	032	050	053
446	008	011	012	017	020	047
447	015	024	025	033	042	055
448	003	005	009	045	051	052
449	001	008	024	034	049	056
450	001	009	013	050	051	059
451	017	018	023	028	031	053
452	011	016	030	036	051	054
453	008	020	023	034	052	058
454	004	017	024	042	046	056
455	002	014	015	017	050	059
456	003	017	022	027	033	040
457	015	017	024	027	032	048
458	013	024	032	034	043	053
459	008	015	017	039	043	049
460	019	023	030	037	049	055
461	015	017	020	029	030	060
462	017	019	022	026	027	048
463	002	003	007	018	045	053
464	006	024	033	038	045	050
465	001	022	031	046	051	057
466	011	016	028	029	030	045
467	008	018	021	022	038	060
468	005	006	023	025	039	051
469	013	021	026	029	042	047
470	008	011	023	037	051	058
471	005	031	032	036	051	059
472	003	004	012	029	038	051
473	007	023	041	049	051	058
474	003	012	032	034	040	050
475	006	008	019	022	043	052
476	017	020	038	043	055	058
477	006	008	018	034	038	047
478	003	008	021	025	030	031
479	020	026	041	046	054	058
480	014	033	036	038	041	049
481	006	013	022	024	042	044
482	012	013	033	053	054	056
483	016	018	023	035	044	059
484	017	018	019	038	049	053
485	019	028	030	038	052	057
486	008	014	019	030	042	050
487	008	022	025	048	052	054
488	015	030	035	039	043	057
489	017	028	033	036	053	059
490	005	011	023	029	054	058
491	001	009	015	022	043	055
492	002	006	015	018	056	057
493	003	018	020	024	042	054
494	018	020	028	032	049	053
495	008	015	029	036	049	060
496	010	019	020	029	041	059
497	009	013	020	032	041	058
498	002	006	028	049	050	057
499	001	004	005	011	044	059
0,00	NAO	SIM	Estimativa de prêmio (SENA) próximo concurso: R$11.000.000,00 (ONZE MILHÕES DE REAIS). A CAIXA informa que o próximo concurso (500) da MEGA-SENA será realizado em Recife/PE em 27/09/2003.
500	021	029	035	036	038	054
501	016	027	028	034	039	056
502	007	013	021	024	033	050
503	007	010	021	027	048	049
504	008	011	019	030	039	050
505	003	020	028	046	047	052
506	004	015	031	034	037	038
507	003	005	027	033	044	058
508	005	010	015	045	046	056
509	028	032	033	034	035	055
510	001	004	030	041	045	058
511	003	004	008	034	036	037
512	004	008	031	040	053	058
513	010	019	027	033	039	046
514	015	036	040	042	051	052
515	015	016	039	045	048	057
516	005	013	024	033	034	035
517	007	008	028	032	038	051
518	005	008	010	015	018	044
519	009	015	019	022	036	042
520	009	012	017	032	034	035
521	015	025	028	032	038	045
522	006	014	015	025	049	052
523	028	039	040	044	045	058
524	019	029	034	041	047	048
525	008	010	024	026	032	049
526	003	021	031	036	055	059
527	006	014	017	026	050	052
528	008	012	028	031	034	037
529	001	013	033	038	045	056
530	001	006	021	025	032	049
531	001	003	007	018	035	050
532	004	009	012	013	052	053
533	013	018	021	027	053	059
534	003	008	023	031	048	057
535	006	014	028	047	049	056
536	014	015	022	023	025	037
537	003	007	019	034	037	039
538	003	025	043	045	052	056
539	006	016	019	047	050	055
540	004	022	028	030	044	049
0,00	SIM	SIM	ACUMULOU!!! Estimativa de prêmio (SENA) próximo concurso: R$9.000.000,00 (NOVE MILHÕES DE REAIS). A CAIXA informa que o concurso 541 da Mega Sena ocorrerá em 28/02/2004 (sábado) às 20 horas.
541	013	027	049	052	057	058
542	004	006	019	028	035	049
543	035	037	042	046	049	054
544	011	017	033	034	047	056
545	017	029	035	040	043	057
546	004	005	013	017	046	054
547	004	013	028	030	053	059
548	014	047	049	051	058	059
549	008	013	022	046	051	058
550	016	017	038	039	045	056
551	012	021	046	048	056	057
552	009	022	047	049	052	054
553	004	043	046	053	054	058
554	015	029	031	042	047	060
555	005	023	031	033	045	049
556	008	010	017	030	033	045
557	008	012	018	023	038	049
558	007	014	031	057	058	059
559	006	013	017	025	036	053
560	002	011	018	030	032	058
561	001	020	036	039	049	055
562	016	023	035	037	055	057
563	005	008	023	034	044	051
564	010	013	020	032	038	049
565	007	031	034	035	037	045
566	006	013	017	018	020	037
567	011	031	038	041	057	058
568	013	017	022	025	029	041
569	003	009	014	015	032	057
570	015	032	033	035	036	051
571	012	013	014	031	050	051
572	003	009	016	020	033	060
573	006	017	022	029	040	059
574	002	010	017	023	032	044
575	005	018	021	029	035	048
576	007	008	018	039	043	052
577	008	023	024	028	031	047
578	003	018	023	048	056	058
579	004	009	015	017	034	039
580	015	016	018	028	038	047
581	014	017	025	030	039	052
582	013	029	040	045	051	059
583	006	007	020	041	043	055
584	007	008	023	030	032	053
585	012	024	033	036	039	057
586	011	013	038	039	045	054
587	002	018	029	030	036	060
588	011	013	045	046	053	055
589	006	007	008	013	033	059
590	004	005	018	025	028	051
591	001	003	018	034	050	058
592	013	014	042	047	055	059
593	001	025	027	029	049	059
594	010	013	029	047	053	055
595	001	002	025	043	050	054
596	011	014	028	043	054	060
597	022	027	029	040	042	056
598	005	016	034	038	050	053
599	004	006	009	023	045	051
600	016	018	031	034	039	054
601	010	019	022	029	030	037
602	007	013	038	046	055	060
603	004	008	011	012	029	044
604	015	025	041	046	049	051
605	004	024	044	049	052	053
606	006	023	032	035	041	055
607	006	011	019	027	041	059
608	006	013	019	024	030	037
609	002	006	015	058	059	060
610	025	030	043	045	047	049
611	016	021	022	033	048	049
612	015	018	033	050	053	055
613	006	013	019	044	054	055
614	012	016	031	048	057	060
615	005	008	010	027	031	051
616	002	012	016	024	026	054
617	003	005	025	033	036	049
618	003	008	010	013	024	060
619	008	012	014	016	019	046
620	001	003	013	022	029	032
621	026	029	031	049	050	057
622	019	027	029	038	050	059
623	009	023	030	042	049	055
624	008	023	034	039	043	052
625	012	024	032	040	042	059
626	007	008	018	022	039	049
0,00	SIM	SIM	ACUMULOU!!! Estimativa de prêmio (SENA) para o próximo concurso: R$14.000.000,00 (CATORZE MILHÕES DE REAIS). Informamos que não haverá sorteio das loterias nos dias 24 e 25/12/2004.
627	001	013	019	045	056	058
0,00	SIM	SIM	ACUMULOU!!! Estimativa de prêmio (SENA)próximo concurso: R$17.000.000,00. O sorteio do concurso 628 será em 05/01/2005.
628	008	016	022	030	056	058
629	015	016	039	040	047	051
630	012	016	020	045	053	060
631	001	020	028	032	044	047
632	002	019	028	048	051	054
633	005	011	022	027	046	050
634	010	013	024	041	042	056
635	008	020	026	037	042	049
636	026	028	030	032	034	050
637	011	018	043	048	052	058
638	010	011	036	041	042	050
639	013	035	039	045	051	060
640	012	019	042	046	059	060
641	001	009	013	017	033	034
642	017	036	040	044	051	056
643	014	024	037	040	042	045
644	014	027	029	031	034	057
645	003	024	048	052	053	054
646	010	013	032	047	049	060
647	011	012	014	019	054	056
648	005	023	029	042	045	048
649	009	024	033	041	048	054
650	010	024	025	029	053	059
651	026	028	039	045	048	060
652	010	018	020	024	056	057
653	005	009	019	024	031	034
654	006	010	011	040	041	056
0,00	NAO	SIM	Estimativa de prêmio (sena) para o próximo concurso, a ser realizado em 13/04/2005: R$8.000.000,00 (OITO MILHÕES DE REAIS).
655	001	026	037	039	043	048
0,00	SIM	SIM	ACUMULOU!!! Estimativa de prêmio (SENA) próximo concurso, a ser realizado em 16/04/2005: R$9.000.000,00 (NOVE MILHÕES DE REAIS).
656	035	036	037	046	051	059
0,00	SIM	SIM	ACUMULOU!!! Estimativa de prêmio (SENA) próximo concurso, a ser realizado em 20/04/2005: R$11.000.000,00 (ONZE MILHÕES DE REAIS).
657	016	020	033	058	059	060
0,00	NAO	SIM	Estimativa de prêmio (SENA) próximo concurso, a ser realizado em 23/04/2005: R$1.000.000,00.
658	003	006	011	020	036	041
0,00	SIM	SIM	ACUMULOU!!! Estimativa de prêmio (SENA) próximo concurso, a ser realizado em 27/04/2005: R$2.000.000,00.
659	014	029	034	040	051	052
0,00	SIM	SIM	ACUMULOU!!! Estimativa de prêmio (SENA) próximo concurso, a ser realizado em 30/04/2005: R$9.000.000,00.
660	005	011	038	046	053	054
0,00	SIM	SIM	ACUMULOU!!! Estimativa de prêmio (sena) para o próximo concurso, a ser realizado em 04/05/2005: R$10.000.000,00 (Dez milhões de reais).
661	004	027	036	040	042	055
0,00	SIM	SIM	ACUMULOU!!! Estimativa de prêmio (SENA) próximo concurso, a ser realizado em 07/05/2005: R$12.000.000,00.
662	004	018	023	025	056	060
0,00	SIM	SIM	ACUMULOU!!! Estimativa de prêmio (SENA) próximo concurso, a ser realizado em 11/05/2005: R$14.000.000,00.
663	001	027	030	049	051	055
0,00	SIM	SIM	ACUMULOU!!! Estimativa de prêmio (SENA) próximo concurso, a ser realizado em 14/05/2005: R$17.000.000,00.
664	001	012	036	038	055	059
0,00	SIM	SIM	ACUMULOU!!! Estimativa de prêmio (SENA) próximo concurso, a ser realizado em 18/05/2005: R$26.000.000,00.
665	007	008	018	025	047	048
0,00	SIM	SIM	ACUMULOU!!! Estimativa de prêmio (SENA) próximo concurso, a ser realizado em 21/05/2005: R$30.000.000,00 (TRINTA MILHÕES DE REAIS).
666	007	016	026	029	045	055
0,00	SIM	SIM	ACUMULOU!!! Estimativa de prêmio (sena) para o próximo concurso, a ser realizado em 25/05/2005: R$34.000.000,00.
667	001	004	005	016	023	049
0,00	NAO	SIM	Estimativa de prêmio (SENA) próximo concurso, a ser realizado em 28/05/2005: R$1.000.000,00.
668	001	002	014	033	049	056
0,00	SIM	SIM	ACUMULOU!!! Estimativa de prêmio (SENA) próximo concurso, a ser realizado em 01/06/2005: R$2.000.000,00.
669	007	024	027	040	041	049
0,00	NAO	SIM	Estimativa de prêmio (SENA) próximo concurso, a ser realizado em 04/06/2005: R$10.000.000,00.
670	022	037	042	048	058	059
0,00	SIM	SIM	ACUMULOU!!! Estimativa de prêmio (SENA) próximo concurso, a ser realizado em 08/06/2005: R$12.000.000,00.
671	009	016	027	038	039	051
0,00	SIM	SIM	ACUMULOU!!! Estimativa de prêmio (SENA) próximo concurso, a ser realizado em 11/06/2005: R$15.000.000,00.
672	024	028	034	038	043	053
0,00	SIM	SIM	ACUMULOU!!! Estimativa de prêmio (SENA) próximo concurso, a ser realizado em 15/06/2005: R$17.000.000,00. Sorteios dias 13 e 14/06 serão em Martinópolis/SP.
673	006	011	020	034	037	040
0,00	SIM	SIM	ACUMULOU!!! Estimativa de prêmio (SENA) próximo concurso, a ser realizado em 18/06/2005: R$20.000.000,00.
674	018	022	029	032	038	042
0,00	SIM	SIM	ACUMULOU!!! Estimativa de prêmio (SENA) próximo concurso, a ser realizado em 22/06/2005: R$30.000.000,00.
675	024	025	030	042	043	050
0,00	SIM	SIM	ACUMULOU!!! Estimativa de prêmio (SENA) próximo concurso, a ser realizado em 25/06/2005: R$35.000.000,00.
676	009	015	032	041	042	049
0,00	SIM	SIM	ACUMULOU!!! Estimativa de prêmio (SENA) próximo concurso, a ser realizado em 29/06/2005: R$38.000.000,00.
677	008	010	025	032	048	055
0,00	SIM	SIM	ACUMULOU!!! Estimativa de prêmio (SENA) próximo concurso, a ser realizado em 02/07/2005: R$43.000.000,00 (QUARENTA E TRÊS MILHÕES DE REAIS).
678	014	031	040	042	044	046
0,00	SIM	SIM	ACUMULOU!!! Estimativa de prêmio (SENA) próximo concurso, a ser realizado em 06/07/2005: R$50.000.000,00 (CINQÜENTA MILHÕES DE REAIS).
679	003	021	025	037	054	058
0,00	NAO	SIM	Estimativa de prêmio (SENA) próximo concurso, a ser realizado em 09/07/2005: R$20.000.000,00.
680	002	003	005	022	026	044
0,00	SIM	SIM	ACUMULOU. Estimativa de prêmio (sena) para o próximo concurso a ser realizado em 13/07/2005: R$22.000.000,00.
681	021	025	038	053	058	059
0,00	SIM	SIM	ACUMULOU. Estimativa de prêmio (sena) para o próximo concurso, a ser realizado em 16/07/2005: R$25.000.000,00.
682	004	027	036	037	047	060
0,00	SIM	SIM	ACUMULOU!!! Estimativa de prêmio (SENA) próximo concurso, a ser realizado em 20/07/2005: R$27.000.000,00.
683	002	011	012	035	040	043
0,00	SIM	SIM	ACUMULOU. Estimativa de prêmio (sena) para o próximo concurso, a ser realizado em 23/07/2005: R$31.000.000,00.
684	017	019	033	037	040	050
0,00	SIM	SIM	ACUMULOU!!! Estimativa de prêmio (SENA) para o próximo concurso, a ser realizado em 27/07/2005: R$44.000.000,00.
685	005	012	027	033	043	056
0,00	NAO	SIM	Estimativa de prêmio (sena) para o próximo concurso, a ser realizado em 30/07/2005: R$1.000.000,00.
686	004	005	015	026	033	054
0,00	SIM	SIM	ACUMULOU! Estimativa de prêmio (sena) para o próximo concurso, a ser realizado em 03/08/2005: R$2.000.000,00.
687	001	007	014	041	048	059
0,00	SIM	SIM	ACUMULOU!!! Estimativa de prêmio (SENA) para o próximo concurso, a ser realizado em 06/08/2005: R$4.000.000,00.
688	011	021	030	035	047	052
0,00	SIM	SIM	ACUMULOU! Estimativa de prêmio (sena) para o próximo concurso, a ser realizado em 10/08/2005: R$5.500.000,00.
689	006	007	031	049	051	060
0,00	SIM	SIM	ACUMULOU!!! Estimativa de prêmio (SENA) para o próximo concurso, a ser realizado em 13/08/2005: R$14.000.000,00.
690	008	012	015	041	047	053
0,00	SIM	SIM	ACUMULOU!!! Estimativa de prêmio (SENA) para o próximo concurso, a ser realizado em 17/08/2005: R$16.000.000,00.
691	008	016	037	050	055	058
0,00	SIM	SIM	ACUMULOU!!! Estimativa de prêmio (SENA) para o próximo concurso, a ser realizado em 20/08/2005: R$19.000.000,00.
692	011	018	033	057	058	060
693	013	014	017	031	041	050
0,00	SIM	SIM	ACUMULOU!!! Estimativa de prêmio (SENA) para o próximo concurso, a ser realizado em 27/08/2005: R$24.000.000,00.
694	015	019	029	037	041	053
0,00	SIM	SIM	ACUMULOU!!! Estimativa de prêmio (sena) para o próximo concurso, a ser realizado em 31/08/2005: R$34.000.000,00.
695	006	011	013	021	040	052
0,00	SIM	SIM	ACUMULOU! Estimativa de prêmio (sena) para o próximo concurso, a ser realizado em 03/09/2005: R$39.000.000,00.
696	009	016	034	037	053	057
0,00	NAO	SIM	Estimativa de prêmio (SENA) para o próximo concurso, a ser realizado em 10/09/2005: R$1.500.000,00.
697	028	031	032	035	051	053
0,00	SIM	SIM	ACUMULOU!!! Estimativa de prêmio (sena) para o próximo concurso, a ser realizado em 14/09/2005: R$3.000.000,00.
698	008	012	022	027	043	055
0,00	SIM	SIM	Acumulou!! Estimativa de prêmio (SENA) para o próximo concurso, a ser realizado em 17/09/2005: R$4.500.000,00. INFORMAMOS QUE EM RAZÃO DE PROBLEMAS TÉCNICOS, O SORTEIO DO CONCURSO 699 FOI ADIADO PARA 19/09, ÀS 20HS EM PORTO ALEGRE.
699	017	023	048	050	053	054
0,00	SIM	SIM	ACUMULOU. Estimativa de prêmio (sena) para o próximo concurso, a ser realizado em 21/09/2005: R$14.000.000,00.
700	002	003	014	024	031	040
0,00	SIM	SIM	ACUMULOU!!! Estimativa de prêmio (SENA) para o próximo concurso, a ser realizado em 24/09/2005: R$16.000.000,00.
701	001	013	023	031	048	060
0,00	SIM	SIM	ACUMULOU!!! Estimativa de prêmio (SENA) para o próximo concurso, a ser realizado em 28/09/2005: R$18.000.000,00.
702	001	018	045	056	057	058
0,00	SIM	SIM	ACUMULOU!!! Estimativa de prêmio (SENA) para o próximo concurso, a ser realizado em 01/10/2005: R$20.000.000,00.
703	002	011	024	027	030	045
0,00	SIM	SIM	ACUMULOU!!! Estimativa de prêmio (sena) para o próximo concurso, a ser realizado em 05/10/2005: R$22.000.000,00.
704	002	004	018	027	034	050
0,00	SIM	SIM	ACUMULOU!!! Estimativa de prêmio (sena) para o próximo concurso, a ser realizado em 08/10/2005: R$32.000.000,00.
705	003	011	013	015	026	043
0,00	SIM	SIM	ACUMULOU!!! Estimativa de prêmio (sena) para o próximo concurso, a ser realizado em 15/10/2005: R$36.000.000,00.
706	002	007	010	017	022	060
0,00	SIM	SIM	ACUMULOU!!! Estimativa de prêmio (SENA) para o próximo concurso, a ser realizado em 19/10/2005: R$40.000.000,00.
707	001	008	010	036	043	051
0,00	NAO	SIM	Estimativa de prêmio (sena) para o próximo concurso, a ser realizado em 22/10/2005: R$1.500.000,00.
708	007	009	013	039	045	047
0,00	SIM	SIM	Acumulou!!! Estimativa de prêmio (sena) para o próximo concurso, a ser realizado em 26/10/2005: R$2.000.000,00.
709	004	006	009	022	029	044
0,00	SIM	SIM	ACUMULOU!!! Estimativa de prêmio (sena) para o próximo concurso, a ser realizado em 29/10/2005: R$13.000.000,00.
710	005	025	034	039	046	049
0,00	SIM	SIM	ACUMULOU!!! Estimativa de prêmio (sena) para o próximo concurso, a ser realizado em 05/11/2005: R$15.000.000,00.
711	005	010	033	040	041	059
0,00	SIM	SIM	ACUMULOU!!! Estimativa de prêmio (sena) para o próximo concurso, a ser realizado em 09/11/2005: R$17.000.000,00.
712	007	008	035	043	053	058
0,00	SIM	SIM	ACUMULOU!!! Estimativa de prêmio (sena) para o próximo concurso, a ser realizado em 12/11/2005: R$20.000.000,00.
713	001	012	016	026	046	054
0,00	SIM	SIM	ACUMULOU!!! Estimativa de prêmio (sena) para o próximo concurso, a ser realizado em 16/11/2005: R$22.000.000,00.
714	007	008	017	035	039	053
0,00	SIM	SIM	ACUMULOU! Estimativa de prêmio (sena) para o próximo concurso, a ser realizado em 19/11/2005: R$32.000.000,00
715	004	012	024	033	036	054
0,00	NAO	SIM	Estimativa de prêmio (sena) para o próximo concurso, a ser realizado em 23/11/2005: R$1.000.000,00.
716	002	007	016	029	032	050
0,00	NAO	SIM	Estimativa de prêmio (sena) para o próximo concurso, a ser realizado em 26/11/2005: R$1.000.000,00.
717	006	017	023	028	035	041
0,00	SIM	SIM	ACUMULOU!!! Estimativa de prêmio (SENA) para o próximo concurso, a ser realizado em 30/11/2005: R$2.000.000,00.
718	007	021	033	035	039	058
0,00	SIM	SIM	ACUMULOU!!! Estimativa de prêmio (sena) para o próximo concurso, a ser realizado em 03/12/2005: R$3.000.000,00.
719	003	032	037	039	047	053
0,00	SIM	SIM	ACUMULOU!!! Estimativa de prêmio (sena) para o próximo concurso, a ser realizado em 07/12/2005: R$10.000.000,00.
720	012	031	044	051	054	056
0,00	SIM	SIM	ACUMULOU!!! Estimativa de prêmio (sena) para o próximo concurso a ser realizado em 10/12/2005: R$12.000.000,00.
721	003	014	023	025	036	055
0,00	SIM	SIM	ACUMULOU!!! Estimativa de prêmio (SENA) para o próximo concurso, a ser realizado em 14/12/2005: R$14.000.000,00.
722	009	018	036	044	057	060
0,00	SIM	SIM	ACUMULOU!!! Estimativa de prêmio (sena) para o próximo concurso, a ser realizado em 17/12/2005: R$16.000.000,00.
723	001	006	016	036	050	052
0,00	SIM	SIM	ACUMULOU!!! Estimativa de prêmio (sena) para o próximo concurso, a ser realizado em 21/12/2005: R$18.000.000,00.
724	017	027	034	048	051	055
0,00	SIM	SIM	ACUMULOU!!! Estimativa de prêmio (SENA) para o próximo concurso, a ser realizado em 31/12/2005, às 22 horas: R$30.000.000,00.
725	003	009	035	037	041	049
0,00	NAO	SIM	Estimativa de prêmio (SENA) para o próximo concurso, a ser realizado em 04/01/2006: R$1.000.000,00.
726	001	005	007	037	040	047
0,00	SIM	SIM	ACUMULOU!!! Estimativa de prêmio (sena) para o próximo concurso, a ser realizado em 07/01/2006: R$2.000.000,00.
727	004	012	014	030	042	059
0,00	SIM	SIM	ACUMULOU!!! Estimativa de prêmio (sena) para o próximo concurso, a ser realizado em 11/01/2006: R$3.000.000,00.
728	008	013	024	032	042	044
0,00	SIM	SIM	ACUMULOU!!! Estimativa de prêmio (sena) para o próximo concurso, a ser realizado em 14/01/2006: R$5.000.000,00.
729	005	018	033	043	056	057
0,00	NAO	SIM	Estimativa de prêmio (sena) para o próximo concurso, a ser realizado em 18/01/2006: R$9.000.000,00.
730	002	015	016	045	050	054
0,00	SIM	SIM	ACUMULOU!!! Estimativa de prêmio (sena) para o próximo concurso, a ser realizado em 21/01/2006: R$11.000.000,00.
731	006	015	016	023	028	035
0,00	SIM	SIM	ACUMULOU!!! Estimativa de prêmio (sena) para o próximo concurso, a ser realizado em 25/01/2006: R$13.000.000,00.
732	006	017	019	049	050	053
0,00	SIM	SIM	ACUMULOU!!! Estimativa de prêmio (sena) para o próximo concurso, a ser realizado em 28/01/2006: R$14.000.000,00.
733	002	012	026	031	043	046
0,00	SIM	SIM	ACUMULOU!!! Estimativa de prêmio (sena) para o próximo concurso, a ser realizado em 01/02/2006: R$17.000.000,00.
734	027	029	043	044	045	054
0,00	NAO	SIM	Estimativa de prêmio (sena) para o próximo concurso a ser realizado em 04/02/2006: R$8.000.000,00.
735	009	015	038	040	042	052
0,00	SIM	SIM	ACUMULOU!!! Estimativa de prêmio (sena) para o próximo concurso, a ser realizado em 08/02/2006: R$9.000.000,00.
736	001	021	038	041	049	056
0,00	SIM	SIM	ACUMULOU!!! Estimativa de prêmio (sena) para o próximo concurso, a ser realizado em 11/02/2006: R$11.000.000,00.
737	011	012	024	032	033	038
0,00	SIM	SIM	ACUMULOU!!! Estimativa de prêmio (sena) para o próximo concurso, a ser realizado em 15/02/2006: R$13.000.000,00.
738	014	015	026	030	042	054
0,00	SIM	SIM	ACUMULOU!!! Estimativa de prêmio (sena) para o próximo concurso, a ser realizado em 18/02/2006: R$16.000.000,00.
739	006	010	035	045	049	056
0,00	SIM	SIM	ACUMULOU!!! Estimativa de prêmio (sena) para o próximo concurso, a ser realizado em 22/02/2006: R$26.000.000,00.
740	012	016	028	029	047	050
0,00	NAO	SIM	Estimativa de prêmio (sena) para o próximo concurso, a ser realizado em 25/02/2006: R$1.000.000,00.
741	024	026	027	036	039	059
0,00	SIM	SIM	ACUMULOU!!! Estimativa de prêmio (sena) para o próximo concurso, a ser realizado em 01/03/2006: R$2.000.000,00.
742	002	007	017	034	041	050
0,00	SIM	SIM	ACUMULOU!!! Estimativa de prêmio (sena) para o próximo concurso, a ser realizado em 04/03/2006: R$3.000.000,00.
743	020	023	025	032	054	060
0,00	SIM	SIM	ACUMULOU!!! Estimativa de prêmio (sena) para o próximo concurso, a ser realizado em 08/03/2006: R$4.500.000,00.
744	004	012	023	026	039	046
0,00	SIM	SIM	ACUMULOU!!! Estimativa de prêmio (sena) para o próximo concurso, a ser realizado em 11/03/2006: R$12.000.000,00.
745	002	016	021	037	043	057
0,00	SIM	SIM	ACUMULOU!!! Estimativa de prêmio (SENA) para o próximo concurso, a ser realizado em 15/03/2006: R$14.000.000,00.
746	001	010	012	025	049	057
0,00	NAO	SIM	Estimativa de prêmio (sena) para o próximo concurso, a ser realizado em 18/03/2006: R$1.000.000,00.
747	002	003	012	021	023	056
0,00	SIM	SIM	ACUMULOU!!! Estimativa de prêmio (sena) para o próximo concurso, a ser realizado em 22/03/2006: R$2.500.000,00.
748	001	002	007	019	035	051
0,00	SIM	SIM	ACUMULOU!!! Estimativa de prêmio (sena) para o próximo concurso, a ser realizado em 25/03/2006: R$4.000.000,00.
749	004	024	047	048	050	057
0,00	SIM	SIM	ACUMULOU!!! Estimativa de prêmio (sena) para o próximo concurso, a ser realizado em 29/03/2006: R$11.000.000,00.
750	010	017	033	042	054	058
0,00	SIM	SIM	ACUMULOU!!! Estimativa de prêmio (sena) para o próximo concurso, a ser realizado em 01/04/2006: R$13.000.000,00.
751	004	007	020	025	038	050
752	004	023	024	025	029	042
0,00	SIM	SIM	ACUMULOU!!! Estimativa de prêmio (sena) para o próximo concurso, a ser realizado em 08/04/2006: R$17.000.000,00.
753	002	007	022	035	043	059
0,00	NAO	SIM	Estimativa de prêmio (sena) para o próximo concurso, a ser realizado em 12/04/2006: R$1.000.000,00.
754	003	004	013	034	042	050
0,00	SIM	SIM	ACUMULOU!!! Estimativa de prêmio (sena) para o próximo concurso, a ser realizado em 15/04/2006: R$9.000.000,00.
755	004	012	030	047	049	059
0,00	SIM	SIM	ACUMULOU!!! Estimativa de prêmio (sena) para o próximo concurso, a ser realizado em 19/04/2006: R$10.000.000,00.
756	005	027	037	038	041	050
0,00	SIM	SIM	ACUMULOU!!! Estimativa de prêmio (sena) para o próximo concurso, a ser realizado em 22/04/2006: R$12.500.000,00.
757	012	017	018	030	032	058
0,00	SIM	SIM	ACUMULOU!!! Estimativa de prêmio (sena) para o próximo concurso, a ser realizado em 26/04/2006: R$14.000.000,00.
758	001	023	036	043	047	059
0,00	SIM	SIM	ACUMULOU!!! Estimativa de prêmio (sena) parao próximo concurso, a ser realizado em 29/04/2006: R$16.000.000,00.
759	030	031	039	045	048	059
0,00	SIM	SIM	ACUMULOU!!! Estimativa de prêmio (sena) para o próximo concurso, a ser realizado em 03/05/2006: R$25.000.000,00.
760	012	017	044	045	046	060
0,00	SIM	SIM	ACUMULOU!!! Estimativa de prêmio (sena) para o próximo concurso, a ser realizado em 06/05/2006: R$27.000.000,00.
761	013	017	027	029	040	056
0,00	SIM	SIM	ACUMULOU!!! Estimativa de prêmio (sena) para o próximo concurso, a ser realizado em 10/05/2006: R$30.000.000,00.
762	009	012	021	037	039	054
0,00	SIM	SIM	ACUMULOU!!! Estimativa de prêmio (sena) para o próximo concurso, a ser realizado em 13/05/2006: R$35.000.000,00.
763	001	009	026	040	047	048
0,00	SIM	SIM	O CONCURSO 764 SERÁ SORTEADO EM 18/05/2006 (QUINTA-FEIRA) ÀS 20 HORAS EM RIBEIRÃO PRETO/SP. A ESTIMATIVA DE PRÊMIO (SENA) PARA O CONCURSO 764 É DE R$40.000.000,00.
764	003	007	045	047	053	055
0,00	NAO	SIM	Estimativa de prêmio (sena): R$15.000.000,00. SORTEIO DO CONCURSO 765 ADIADO PARA 21/05/2006, ÀS 17 HORAS.
765	003	010	016	030	037	050
0,00	SIM	SIM	ACUMULOU!!! Estimativa de prêmio (Sena) para o próximo concurso a ser realizado em 24/05/2006: R$16.000.000,00.
766	001	019	024	042	050	058
0,00	SIM	SIM	ACUMULOU!!! Estimativa de prêmio (sena) para o próximo concurso, a ser realizado em 27/05/2006: R$18.000.000,00.
767	015	022	032	038	050	054
0,00	SIM	SIM	ACUMULOU!!! Estimativa de prêmio (sena) para o próximo concurso, a ser realizado em 31/05/2006: R$21.000.000,00.
768	004	008	030	033	037	059
0,00	NAO	SIM	Estimativa de prêmio (SENA) para o próximo concurso, a ser realizado em 03/06/2006: R$1.000.000,00.
769	012	016	020	021	029	050
0,00	SIM	SIM	ACUMULOU!!! Estimativa de prêmio (SENA) para o próximo concurso, a ser realizado em 07/06/2006: R$10.000.000,00.
770	004	012	025	034	035	048
0,00	SIM	SIM	ACUMULOU!!! Estimativa de prêmio (sena) para o próximo concurso, a ser realizado em 10/06/2006: R$11.000.000,00.
771	014	021	029	034	046	047
0,00	SIM	SIM	ACUMULOU!!! Estimativa de prêmio (Sena) para o próximo concurso, a ser realizado em 14/06/2006: R$13.000.000,00.
772	010	035	038	051	052	060
773	003	005	014	029	034	051
0,00	SIM	SIM	ACUMULOU!!! Estimativa de prêmio (sena) para o próximo concurso, a ser realizado em 21/06/2006: R$16.000.000,00.
774	005	010	037	046	054	058
0,00	NAO	SIM	Estimativa de prêmio (sena) para o próximo concurso a ser apurado em 24/06/2006: R$7.500.000,00.
775	012	027	042	046	047	050
0,00	SIM	SIM	ACUMULOU!!! Estimativa de prêmio (sena) para o próximo concurso, a ser realizado em 28/06/2006: R$9.000.000,00.
776	003	015	035	041	057	060
0,00	SIM	SIM	ACUMULOU!!! Estimativa de prêmio (sena) para o próximo concurso, a ser realizado em 01/07/2006: R$10.000.000,00.
777	002	014	023	028	050	056
778	020	031	036	037	045	051
0,00	SIM	SIM	ACUMULOU!!! Estimativa de prêmio (sena) para o próximo concurso, a ser realizado em 08/07/2006: R$14.000.000,00.
779	025	026	029	036	052	054
0,00	SIM	SIM	ACUMULOU!!! Estimativa de prêmio (sena) para o próximo concurso, a ser realizado em 12/07/2006: R$21.000.000,00.
780	007	010	028	050	051	059
0,00	SIM	SIM	Acumulou!!! Estimativa de prêmio (SENA) para o próximo concurso, a ser realizado em 15/07/2006: R$23.000.000,00.
781	008	010	013	039	054	056
0,00	SIM	SIM	ACUMULOU!!! Estimativa de prêmio (SENA) para o próximo concurso, a ser realizado em 19/07/2006: R$25.000.000,00.
782	002	011	023	035	042	059
0,00	SIM	SIM	ACUMULOU!!! Estimativa de prêmio (sena) para o próximo concurso, a ser realizado em 22/07/2006: R$28.000.000,00.
783	004	008	021	032	043	048
0,00	NAO	SIM	Estimativa de prêmio (sena) para o próximo concurso, a ser realizado em 26/07/2006: R$1.000.000,00.
784	008	027	037	042	053	056
0,00	SIM	SIM	ACUMULOU!!! Estimativa de prêmio (SENA) para o próximo concurso, a ser realizado em 29/07/2006: R$10.000.000,00.
785	005	008	017	035	037	048
0,00	NAO	SIM	Estimativa de prêmio (SENA) para o próximo concurso, a ser realizado em 02/08/2006: R$1.000.000,00.
786	010	011	026	027	031	041
0,00	SIM	SIM	ACUMULOU!!! Estimativa de prêmio (sena) para o próximo concurso, a ser realizado em 05/08/2006: R$2.000.000,00.
787	020	031	034	037	054	060
0,00	SIM	SIM	ACUMULOU!!! Estimativa de prêmio (sena) para o próximo concurso, a ser realizado em 09/08/2006: R$3.000.000,00.
788	017	019	029	031	044	057
0,00	SIM	SIM	ACUMULOU!!! Estimativa de prêmio (sena) para o próximo concurso, a ser realizado em 12/08/2006; R$5.000.000,00.
789	006	031	038	039	050	060
0,00	SIM	SIM	ACUMULOU!!! Estimativa de prêmio (06 acertos) para o próximo concurso, a ser realizado em 16/08/2006: R$11.000.000,00.
790	002	006	019	022	028	043
0,00	SIM	SIM	ACUMULOU!!! Estimativa de prêmio (sena) para o próximo concurso, a ser realizado em 19/08/2006: R$12.000.000,00.
791	009	014	019	035	042	058
0,00	NAO	SIM	Estimativa de prêmio (sena) para o próximo concurso, a ser realizado em 23/08/2006: R$1.000.000,00.
792	009	029	034	043	045	056
0,00	SIM	SIM	ACUMULOU!!! Estimativa de prêmio (SENA) para o próximo concurso a ser realizado em 26/08/2006: R$2.000.000,00.
793	003	015	016	033	051	057
0,00	SIM	SIM	ACUMULOU!! Estimativa de prêmio (SENA) para o próximo concurso a ser realizado em 30/08/2006: R$3.000.000,00.
794	003	038	042	047	055	056
0,00	SIM	SIM	ACUMULOU!!! Estimativa de prêmio (SENA) para o próximo concurso, a ser realizado em 02/09/2006: R$9.000.000,00.
795	014	021	026	029	036	048
0,00	SIM	SIM	ACUMULOU!!! Estimativa de prêmio (SENA) para o próximo concurso, a ser realizado em 06/09/2006: R$10.000.000,00.
796	005	019	024	034	039	043
0,00	SIM	SIM	ACUMULOU!!! Estimativa de prêmio (SENA) para o próximo concurso a ser realizado em 09/09/2006: R$12.000.000,00.
797	006	012	047	048	052	058
0,00	SIM	SIM	ACUMULOU!!! Estimativa de prêmio (SENA) para o próximo concurso a ser realizado em 13/09/2006: R$13.000.000,00.
798	003	004	009	029	032	052
0,00	SIM	SIM	ACUMULOU!!! Estimativa de prêmio (sena) para o próximo concurso, a ser realizado em 16/09/2006: R$15.000.000,00.
799	019	029	035	042	055	057
0,00	SIM	SIM	ACUMULOU!!! Estimativa de prêmio (SENA) para o próximo concurso a ser realizado em 20/09/2006: R$23.000.000,00.
800	001	007	011	037	038	056
0,00	SIM	SIM	ACUMULOU!!! Estimativa de prêmio (SENA) para o próximo concurso a ser realizado em 23/09/2006: R$ 25.000.000,00.
801	011	019	020	022	042	048
0,00	SIM	SIM	ACUMULOU!!! Estimativa de prêmio (sena) para o próximo concurso, a ser realizado em 27/09/2006: R$28.000.000,00.
802	006	014	018	024	048	060
0,00	SIM	SIM	ACUMULOU!!! Estimativa de prêmio (SENA) para o próximo concurso a ser realizado em 30/09/2006: R$31.000.000,00.
803	003	005	010	021	028	057
0,00	SIM	SIM	ACUMULOU!!! Estimativa de prêmio (SENA) para o próximo concurso a ser realizado em 04/10/2006: R$34.000.000,00.
804	003	013	037	047	056	059
0,00	NAO	SIM	Estimativa de prêmio (sena) para o próximo concurso, a ser realizado em 07/10/2006: R$11.000.000,00.
805	002	030	036	043	048	060
806	018	026	035	041	047	060
0,00	SIM	SIM	ACUMULOU!!! Estimativa de prêmio (sena) para o próximo concurso, a ser realizado em 14/10/2006: R$14.000.000,00.
807	002	008	027	032	049	056
0,00	SIM	SIM	ACUMULOU!!! Estimativa de prêmio (sena) para o próximo concurso, a ser realizado em 18/10/2006: R$16.000.000,00.
808	002	015	021	031	046	057
0,00	SIM	SIM	ACUMULOU!!! Estimativa de prêmio (sena) para o próximo concurso, a ser realizado em 21/10/2006: R$18.000.000,00.
809	005	011	015	023	025	030
0,00	SIM	SIM	ACUMULOU!!! Estimativa de prêmio (sena) para o próximo concurso, a ser realizado em 25/10/2006: R$26.000.000,00.
810	001	004	005	033	037	048
0,00	SIM	SIM	ACUMULOU!!! Estimativa de prêmio (Sena) para o próximo concurso, a ser realizado em 28/10/2006: R$30.000.000,00.
811	010	028	032	041	047	057
0,00	NAO	SIM	Estimativa de prêmio (sena) para o próximo concurso, a ser realizado em 01/11/2006: R$1.000.000,00.
812	011	013	038	039	054	057
0,00	SIM	SIM	ACUMULOU!!! Estimativa de prêmio (sena) para o próximo concurso, a ser realizado em 04/11/2006: R$2.000.000,00.
813	009	015	023	045	046	056
0,00	SIM	SIM	ACUMULOU!!! Estimativa de prêmio (sena) para o próximo concurso a ser realizado em 08/11/2006: R$3.000.000,00.
814	002	008	011	041	046	050
0,00	SIM	SIM	ACUMULOU!!! Estimativa de prêmio (SENA) para o próximo concurso a ser realizado em 11/11/2006: R$11.000.000,00.
815	009	019	037	039	050	057
0,00	SIM	SIM	ACUMULOU!!! Estimativa de prêmio (SENA) para o próximo concurso, a ser realizado em 16/11/2006: R$13.000.000,00.
816	020	021	030	040	047	052
0,00	SIM	SIM	ACUMULOU!!! Estimativa de prêmio (sena) para o próximo concurso, a ser realizado em 18/11/2006: R$14.000.000,00.
817	010	029	030	034	043	052
0,00	SIM	SIM	Acumulou!!! Estimativa de prêmio (sena) para o próximo concurso, a ser realizado em 22/11/2006: R$16.000.000,00.
818	008	009	022	025	041	044
0,00	SIM	SIM	ACUMULOU!!! Estimativa de prêmio (sena) para o próximo concurso, a ser realzado em 25/11/2006:R$18.000.000,00.
819	005	019	025	046	051	058
0,00	SIM	SIM	ACUMULOU!!! Estimativa de prêmio (sena) para o próximo concurso, a ser realizado em 29/11/2006: R$26.000.000,00.
820	010	017	021	032	045	046
0,00	NAO	SIM	Estimativa de prêmio (Sena) para o próximo concurso, a ser realizado em 02/12/2006: R$1.000.000,00.
821	004	029	033	036	038	042
0,00	SIM	SIM	ACUMULOU!!! Estimativa de prêmio (Sena) para o próximo concurso, a ser realizado em 06/12/2006: R$2.000.000,00.
822	004	010	017	027	041	052
0,00	SIM	SIM	ACUMULOU!!! Estimativa de prêmio (SENA) para o próximo concurso a ser realizado em 09/12/2006: R$3.500.000,00.
823	001	015	026	051	054	059
0,00	SIM	SIM	ACUMULOU!!! Estimativa de prêmio (6 acertos) para o próximo concurso, a ser realizado em 13/12/2006: R$5.000.000,00.
824	006	007	009	020	033	048
0,00	SIM	SIM	ACUMULOU!!! Estimativa de prêmio (Sena) para o próximo concurso, a ser realizado em 16/12/2006: R$12.000.000,00.
825	010	021	028	040	041	047
0,00	SIM	SIM	ACUMULOU!!! Estimativa de prêmio (Sena) para o próximo concurso, a ser realizado em 19/12/2006: R$13.000.000,00.
826	006	007	008	027	045	053
0,00	SIM	SIM	ACUMULOU!!! Estimativa de prêmio (SENA) para o próximo concurso, a ser realizado em 21/12/2006: R$15.000.000,00.
827	018	024	030	042	051	056
0,00	SIM	SIM	ACUMULOU!!! Estimativa de prêmio (sena) para o próximo concurso, a ser realizado em 23/12/2006: R$17.000.000,00.
828	023	028	038	042	050	053
0,00	SIM	SIM	ACUMULOU!!! Estimativa de prêmio (SENA) para o próximo concurso, a ser realizado em 31/12/2006, DOMINGO: R$22.000.000,00.
829	010	014	032	047	050	056
0,00	SIM	SIM	ACUMULOU!!! Estimativa de prêmio (SENA) para o próximo concurso a ser realizado em 03/01/2007: R$33.000.000,00.
830	002	013	041	049	051	053
0,00	SIM	SIM	ACUMULOU!!! Estimativa de prêmio (SENA) para o próximo concurso, a ser realizado em 06/01/2007: R$40.000.000,00.
831	003	032	033	042	048	050
0,00	SIM	SIM	ACUMULOU!!! Estimativa de prêmio (SENA) para o próximo concurso, a ser realizado em 10/01/2007: R$50.000.000,00.
832	015	017	023	033	039	049
0,00	NAO	SIM	Estimativa de prêmio (6 acertos) para o próximo concurso, a ser realizado em 13/01/2007: R$1.500.000,00.
833	013	016	046	053	057	058
0,00	SIM	SIM	ACUMULOU!!! Estimativa de prêmio (SENA) para o próximo concurso, a ser realizado em 17/01/2007: R$2.500.000,00.
834	010	016	017	034	044	051
0,00	NAO	SIM	Estimativa de prêmio (sena) para o próximo concurso, a ser realizado em 20/01/2007: R$20.000.000,00.
835	018	031	033	049	057	058
0,00	SIM	SIM	ACUMULOU!!! Estimativa de prêmio (sena) para o próximo concurso, a ser realizado em 24/01/2007: R$22.000.000,00.
836	017	022	028	038	052	059
0,00	SIM	SIM	ACUMULOU!!! Estimativa de prêmio (Sena) para o próximo concurso, a ser realizado em 27/01/2007: R$25.000.000,00.
837	005	006	016	024	034	060
0,00	NAO	SIM	Estimativa de prêmio (Sena) para o próximo concurso, a ser realizado em 31/01/2007: R$1.000.000,00.
838	009	023	030	038	044	047
0,00	SIM	SIM	ACUMULOU! Estimativa de prêmio (sena) para o próximo concurso, a ser realizado em 03/02/2007: R$2.500.000,00.
839	007	008	011	018	037	043
0,00	SIM	SIM	ACUMULOU! Estimativa de prêmio (sena) para o próximo concurso, a ser realizado em 07/02/2007: R$11.000.000,00.
840	017	029	031	035	043	059
0,00	SIM	SIM	ACUMULOU! Estimativa de prêmio (sena) para o próximo concurso, a ser realizado em 10/02/2007: R$14.000.000,00.
841	007	022	032	036	038	051
0,00	SIM	SIM	ACUMULOU! Estimativa de prêmio (sena) para o próximo concurso, a ser realizado em 14/02/2007: R$16.000.000,00.
842	007	009	030	044	051	060
0,00	SIM	SIM	ACUMULOU!!! Estimativa de prêmio (Sena) para o próximo concurso, a ser realizado em 17/02/2007: R$20.000.000,00.
843	001	016	034	036	045	048
0,00	SIM	SIM	ACUMULOU!!! Estimativa de prêmio (Sena) para o próximo concurso, a ser realizado em 24/02/2007 (SÁBADO): R$21.000.000,00. Comunicamos que 4ª feira não haverá sorteio da Mega-Sena.
844	016	024	034	044	054	057
0,00	SIM	SIM	ACUMULOU!!! Estimativa de prêmio (Sena) para o próximo concurso, a ser realizado em 28/02/2007: R$33.000.000,00.
845	014	019	020	040	048	052
0,00	SIM	SIM	ACUMULOU!!! Estimativa de prêmio (Sena) para o próximo concurso, a ser realizado em 03/03/2007: R$36.000.000,00.
846	002	003	044	047	050	054
0,00	SIM	SIM	ACUMULOU! Estimativa de prêmio (sena) para o próximo concurso, a ser realizado em 07/03/2007: R$40.000.000,00.
847	014	015	027	042	044	048
0,00	NAO	SIM	Estimativa de prêmio (Sena) para o próximo concurso, a ser realizado em 10/03/2007: R$1.500.000,00.
848	017	027	032	034	047	056
0,00	NAO	SIM	Estimativa de prêmio (Sena) para o próximo concurso, a ser realizado em 14/03/2007: R$1.000.000,00.
849	008	009	039	044	049	058
0,00	SIM	SIM	ACUMULOU!!! Estimativa de prêmio (Sena) para o próximo concurso, a ser realizado em 17/03/2007: R$13.000.000,00.
850	007	022	025	044	059	060
0,00	SIM	SIM	ACUMULOU!!! Estimativa de prêmio (Sena) para o próximo concurso, a ser realizado em 21/03/2007: R$15.000.000,00.
851	003	016	019	032	035	058
0,00	NAO	SIM	Estimativa de prêmio (sena) para o próximo concurso, a ser realizado em 24/03/2007: R$ 1.000.000,00.
852	006	014	023	034	038	044
0,00	SIM	SIM	ACUMULOU! Estimativa de prêmio (sena) para o próximo concurso, a ser realizado em 28/03/2007: R$2.500.000,00.
853	030	038	046	051	056	059
0,00	SIM	SIM	ACUMULOU!!! Estimativa de prêmio (Sena) para o próximo concurso, a ser realizado em 31/03/2007: R$4.000.000,00.
854	003	017	024	025	027	044
0,00	SIM	SIM	ACUMULOU!!! Estimativa de prêmio (Sena) para o próximo concurso a ser realizado em 04/04/2007: R$12.000.000,00.
855	003	024	031	042	043	053
0,00	SIM	SIM	ACUMULOU !!! Estimativa de prêmio (SENA) para o próximo concurso ser realizado em 07/04/2007: R$14.000.000,00.
856	011	015	040	041	042	047
0,00	SIM	SIM	ACUMULOU!!! Estimativa de prêmio (Sena) para o próximo concurso a ser realizado em 11/04/2007: R$15.000.000,00.
857	002	003	017	049	050	059
0,00	SIM	SIM	ACUMULOU!!! Estimativa de prêmio (SENA) para o próximo concurso, a ser realizado em 14/04/2007: R$18.000.000,00.
858	004	018	023	031	037	054
0,00	NAO	SIM	Estimativa de prêmio (Sena) para o próximo concurso, a ser realizado em 18/04/2007: R$1.000.000,00.
859	009	012	034	046	047	057
0,00	SIM	SIM	ACUMULOU!!! Estimativa de prêmio (Sena) para o próximo concurso a ser realizado em 23/04/2007: R$9.000.000,00.
860	002	008	017	022	042	044
0,00	SIM	SIM	ACUMULOU!!! Estimativa de prêmio (SENA), para o próximo concurso a ser realizado em 25/04/2007: R$11.000.000,00.
861	039	040	042	047	059	060
0,00	NAO	SIM	Estimativa de prêmio (Sena) para o próximo concurso a ser realizado em 28/04/2007: R$1.000.000,00.
862	002	008	011	012	019	035
0,00	NAO	SIM	Estimativa de prêmio (Sena) para o próximo concurso a ser realizado em 02/05/2007: R$1.000.000,00.
863	015	024	032	050	053	057
0,00	SIM	SIM	ACUMULOU!!! ESTIMATIVA DE PRÊMIO (6 ACERTOS) PARA O PRÓXIMO CONCURSO A SER REALIZADO EM 05/05/2007: R$ 2.000.000,00.
864	008	011	031	033	042	057
0,00	SIM	SIM	ACUMULOU!!! Estimativa de prêmio (sena) para o próximo concurso, a ser realizado em 09/05/2007: R$8.000.000,00.
865	023	026	027	041	051	053
0,00	SIM	SIM	ACUMULOU!!! Estimativa de prêmio (6 ACERTOS) para o próximo concurso, a ser realizado em 12/05/2007: R$10.000.000,00.
866	005	027	036	040	046	048
0,00	SIM	SIM	ACUMULOU!!! Estimativa de prêmio (6 ACERTOS) para o próximo concurso a ser realizado em 16/05/2007: R$12.000.000,00.
867	010	019	026	028	044	054
0,00	SIM	SIM	ACUMULOU!!!! Estimativa de prêmio (SENA) para o próximo concurso, a ser realizado em 19/05/2007: R$14.000.000,00.
868	021	022	025	040	051	057
0,00	SIM	SIM	ACUMULOU!!! Estimativa de prêmio (Sena) para o próximo concurso, a ser realizado em 23/05/2007: R$16.000.000,00.
869	027	029	042	049	050	051
870	008	021	034	040	043	052
871	001	005	010	017	047	058
872	005	018	031	043	055	058
873	004	019	030	034	057	059
874	010	020	042	044	052	059
875	018	020	024	036	053	058
876	004	008	012	041	045	060
877	013	015	020	028	031	036
878	011	012	037	038	043	054
879	010	028	029	035	042	046
880	025	030	037	046	049	051
881	004	018	024	043	051	056
882	017	041	042	044	045	060
883	021	032	037	052	053	060
884	002	011	012	014	022	039
885	004	013	031	033	047	051
886	017	033	037	050	055	059
887	001	012	021	032	034	044
888	024	040	050	052	054	060
889	020	024	034	039	054	060
890	007	009	017	021	022	054
891	015	016	019	022	034	035
892	001	019	042	044	049	052
893	003	018	026	051	053	056
894	020	024	028	037	041	044
895	002	041	043	055	057	058
896	005	011	022	031	035	041
897	007	021	022	043	046	057
898	003	004	008	030	045	054
899	018	020	036	053	054	058
900	004	018	021	034	038	059
901	013	016	032	033	034	056
902	018	023	050	052	055	058
903	005	017	020	032	041	055
904	032	044	048	051	053	059
905	002	004	015	016	055	057
906	007	014	024	029	035	039
907	009	036	037	041	051	053
908	001	009	019	025	050	052
909	017	022	026	028	038	042
910	003	015	027	029	036	053
911	001	006	028	029	046	049
912	004	019	021	026	029	054
913	014	030	036	038	046	059
914	009	012	023	033	045	051
915	017	020	026	028	048	049
916	005	028	033	036	037	038
917	023	025	030	046	047	059
918	004	008	012	038	044	052
919	003	025	031	041	043	060
920	005	017	024	052	055	057
921	001	009	035	041	048	057
922	012	013	019	041	045	049
923	002	015	039	050	053	057
924	002	020	021	027	051	060
925	008	022	036	037	046	052
926	021	033	034	040	041	059
927	019	023	026	031	033	036
928	004	010	032	033	049	060
929	016	027	035	039	049	057
930	020	028	037	046	049	055
931	007	017	019	034	036	039
932	002	017	021	036	042	053
933	008	014	025	039	045	051
934	001	003	021	025	044	048
935	007	013	018	029	031	045
936	005	014	022	029	033	044
937	002	021	022	030	041	052
938	015	027	035	050	057	059
939	006	019	023	037	049	050
940	005	025	031	033	037	051
941	010	011	015	027	053	060
942	005	008	018	042	052	059
943	003	012	023	041	047	058
944	016	037	043	052	058	059
945	004	008	027	044	054	059
946	001	005	012	047	052	059
947	003	005	011	014	033	058
948	022	041	044	046	052	054
949	001	023	041	044	051	052
950	023	041	042	048	049	059
951	014	024	034	039	049	055
952	002	011	018	027	030	054
953	001	016	039	042	048	055
954	005	008	018	024	033	057
955	005	012	021	032	033	035
956	046	047	051	054	057	059
957	024	025	032	034	050	057
958	007	013	022	033	048	051
959	003	005	011	033	039	057
960	006	018	019	033	034	053
961	002	004	016	021	036	053
962	002	011	040	048	049	055
963	015	017	037	048	050	059
964	008	013	020	026	033	042
965	005	030	036	039	057	058
966	001	004	026	028	041	058
967	005	013	014	018	030	057
968	001	004	013	030	051	060
969	013	025	035	041	050	056
970	005	021	028	034	054	057
971	004	011	014	033	044	045
972	015	018	031	033	034	056
973	001	008	030	036	047	053
974	012	016	020	031	038	045
975	009	030	033	037	040	041
976	014	023	025	028	038	053
977	003	005	007	009	017	032
978	012	016	018	027	042	058
979	003	015	028	031	039	051
980	015	017	029	035	036	059
981	001	008	034	041	053	058
982	008	012	024	040	043	049
983	016	022	032	038	040	045
984	004	010	020	043	046	047
985	004	016	018	046	056	059
986	006	015	019	024	031	032
987	013	027	031	034	047	058
988	008	017	046	048	056	060
989	002	021	027	029	032	038
990	002	010	015	018	029	039
991	008	009	015	038	041	060
992	001	004	006	008	025	028
993	005	024	025	026	042	060
994	003	020	029	040	044	058
995	004	016	031	036	054	055
996	007	015	020	021	023	029
997	009	017	018	032	053	055
998	003	004	021	022	028	032
999	018	024	036	044	055	058
1000	029	038	039	049	053	058
1001	012	015	027	037	051	060
1002	003	007	025	031	040	058
1003	005	010	016	023	026	027
1004	029	040	043	044	045	047
1005	004	006	012	037	041	042
1006	002	004	017	033	048	055
1007	004	027	036	037	049	052
1008	007	013	015	034	042	048
1009	001	006	012	029	034	058
1010	002	003	013	037	046	054
1011	002	011	021	030	035	052
1012	014	019	040	047	055	058
1013	007	009	012	019	020	041
1014	008	009	025	041	057	060
1015	003	008	017	026	028	049
1016	005	009	011	020	025	060
1017	006	019	031	034	051	056
1018	009	024	044	051	055	058
1019	004	013	023	029	046	047
1020	001	002	019	032	039	052
1021	002	033	042	043	051	055
1022	005	021	031	039	040	056
1023	002	007	008	018	040	045
1024	018	022	028	029	039	053
1025	010	027	028	029	040	052
1026	006	010	017	033	051	053
1027	018	020	033	044	047	060
1028	020	026	034	051	052	054
1029	005	016	017	020	024	032
1030	001	008	023	037	054	057
1031	024	033	040	043	046	049
1032	015	016	026	029	043	057
1033	005	006	017	033	039	054
1034	001	003	018	020	042	049
1035	001	011	026	051	059	060
1036	010	027	036	039	041	052
1037	004	036	044	046	053	056
1038	006	007	028	035	043	051
1039	002	020	024	027	036	052
1040	001	006	028	039	044	055
1041	010	012	036	044	054	057
1042	013	018	025	030	046	051
1043	014	021	025	048	051	060
1044	010	011	013	035	039	058
1045	001	005	006	017	031	050
1046	028	040	042	054	055	057
1047	001	002	008	010	014	048
1048	003	016	021	028	038	057
1049	002	005	017	029	034	052
1050	014	024	026	033	045	060
1051	007	010	011	013	043	057
1052	008	011	015	016	052	057
1053	015	027	034	042	049	053
1054	013	014	018	027	041	060
1055	012	015	016	020	027	032
1056	006	008	038	050	053	059
1057	002	003	004	015	049	059
1058	018	020	024	045	051	057
1059	001	012	014	016	037	045
1060	001	003	016	018	041	042
1061	009	021	023	030	041	056
1062	002	008	023	033	037	055
1063	001	022	044	047	049	050
1064	004	016	019	028	029	049
1065	007	019	030	039	043	057
1066	006	010	025	032	043	049
1067	004	010	014	025	028	056
1068	025	027	044	047	048	057
1069	009	017	028	045	049	053
1070	005	008	016	023	041	053
1071	005	007	037	043	053	054
1072	009	018	019	043	047	054
1073	008	025	032	034	036	044
1074	003	010	023	029	047	050
1075	010	012	016	021	039	053
1076	004	010	019	032	033	042
1077	005	006	009	011	018	037
1078	003	006	034	041	043	045
1079	005	012	024	028	036	037
1080	011	018	020	034	041	056
1081	009	016	024	029	052	056
1082	004	017	038	040	050	055
1083	010	020	023	028	042	043
1084	005	020	029	033	040	059
1085	012	021	039	040	050	055
1086	002	004	006	010	023	045
1087	003	020	028	032	036	046
1088	006	024	031	035	042	057
1089	002	018	020	032	037	048
1090	009	020	024	036	040	042
1091	017	023	024	027	049	056
1092	001	009	030	033	034	040
1093	019	023	027	038	041	049
1094	009	010	021	036	041	048
1095	010	016	021	023	027	036
1096	003	013	014	016	041	052
1097	001	017	021	033	048	056
1098	011	020	021	030	050	052
1099	014	031	035	038	044	055
1100	007	017	018	033	041	042
1101	006	007	010	012	024	057
1102	009	011	023	035	046	051
1103	010	019	028	041	055	056
1104	002	003	006	035	049	058
1105	001	015	028	043	050	057
1106	004	015	043	047	050	060
1107	003	009	020	036	053	054
1108	007	009	039	043	044	060
1109	006	008	011	014	029	052
1110	006	014	026	028	042	045
1111	004	009	025	032	033	043
1112	004	032	034	043	052	058
1113	003	006	029	036	047	059
1114	003	015	016	022	025	054
1115	018	030	037	041	044	050
1116	004	009	013	017	020	047
1117	001	006	017	027	035	040
1118	008	020	021	043	044	055
1119	010	034	041	044	045	054
1120	007	035	040	044	050	055
1121	004	017	018	054	056	059
1122	026	044	046	049	055	056
1123	004	014	019	039	045	060
1124	007	011	016	018	033	049
1125	003	007	029	033	042	056
1126	004	031	042	052	057	059
1127	005	008	014	024	029	030
1128	008	016	024	039	052	060
1129	012	017	019	032	047	055
1130	005	018	023	032	049	054
1131	001	008	016	034	036	049
1132	012	027	030	033	052	055
1133	005	010	016	021	039	058
1134	009	022	029	036	051	056
1135	004	005	006	019	023	039
1136	007	031	032	034	037	043
1137	019	021	025	028	043	050
1138	002	004	015	018	025	036
1139	009	028	031	036	037	042
13.557.048,00	SIM	SIM	"URGENTE: O ENCERRAMENTO DAS APOSTAS PARA A MEGA-SENA DA VIRADA, CONCURSO 1140, SERÁ AS 14 HORAS, HORÁRIO DE BRASÍLIA, DO DIA 31/12/2009".
1140	010	027	040	046	049	058
1141	009	037	040	050	058	060
1142	003	015	026	028	031	058
1143	003	030	035	044	047	060
1144	001	010	018	019	044	049
1145	003	016	019	024	033	060
1146	006	010	028	033	034	053
1147	006	023	031	033	039	052
1148	027	028	029	032	048	055
1149	007	008	023	036	046	054
1150	015	017	028	031	035	052
1151	001	004	014	021	025	051
1152	014	020	029	036	044	047
1153	006	017	019	034	046	055
1154	004	012	014	021	026	028
1155	020	028	040	041	051	058
1156	009	024	031	044	048	049
1157	009	029	041	043	046	049
1158	023	030	031	054	055	060
1159	005	006	034	046	053	055
1160	001	003	005	018	040	048
1161	004	007	042	047	048	051
1162	018	022	025	030	031	041
1163	005	017	031	047	051	053
1164	006	014	017	026	040	049
1165	020	040	042	052	054	060
1166	022	028	030	031	035	054
1167	020	028	043	051	052	056
1168	004	005	020	047	053	056
1169	001	011	014	023	042	048
1170	011	013	027	034	046	049
1171	003	010	013	030	041	057
1172	006	012	028	043	052	056
1173	005	007	024	025	036	047
1174	006	007	039	047	051	052
28.791.936,00	SIM	SIM	ATENÇÃO! DEVIDO AO FERIADO DE 1º DE MAIO, O CONCURSO 1175 FOI ANTECIPADO PARA SEXTA-FEIRA, DIA 30/04/2010.
1175	002	003	012	016	037	047
1176	011	014	021	030	033	049
1177	033	038	047	050	052	055
1178	001	022	030	045	050	053
1179	005	022	028	047	059	060
1180	012	030	034	044	057	060
1181	018	020	026	031	044	045
1182	002	004	029	052	056	060
1183	005	010	012	020	029	037
1184	004	009	023	027	028	030
1185	002	010	021	035	043	054
1186	007	008	012	013	015	041
1187	008	017	019	040	043	049
1188	009	020	044	052	059	060
1189	014	021	027	031	035	050
1190	010	011	019	037	053	056
1191	003	011	016	022	025	033
1192	017	020	049	052	057	059
1193	002	009	012	014	032	054
1194	006	013	024	041	050	053
1195	017	020	026	027	055	057
1196	003	006	019	020	058	060
1197	036	037	039	049	054	060
1198	022	029	036	041	048	058
1199	016	019	023	028	039	058
1200	003	010	011	039	054	056
1201	028	032	036	049	055	060
1202	008	009	011	048	053	060
1203	007	009	030	033	038	055
1204	005	010	025	039	043	052
1205	004	013	014	026	029	035
1206	002	006	011	036	037	048
1207	009	011	022	032	035	056
1208	001	012	020	026	045	054
1209	005	014	017	030	035	038
1210	003	007	009	010	031	034
1211	003	015	031	036	048	054
1212	002	023	033	035	040	050
1213	003	011	026	034	045	053
1214	005	029	030	036	041	048
1215	010	025	030	047	050	051
1216	004	007	013	025	027	058
1217	005	011	015	028	043	050
1218	010	023	029	031	033	046
1219	002	033	034	037	041	053
1220	005	015	043	048	052	055
1221	005	014	037	043	046	058
1222	005	008	019	026	048	057
1223	015	017	035	042	047	048
1224	019	021	027	041	053	057
1225	031	032	034	040	050	055
1226	010	031	040	050	055	056
1227	004	028	030	031	035	054
1228	010	023	036	050	052	060
1229	012	030	032	040	049	060
1230	009	012	019	022	035	037
1231	005	020	023	027	039	049
1232	008	011	012	015	018	022
1233	022	029	032	049	054	059
1234	003	005	019	024	030	035
1235	010	016	020	026	049	055
1236	003	008	017	020	038	053
1237	005	018	021	026	039	059
1238	013	014	024	039	040	045
1239	001	015	037	039	048	052
1240	008	009	012	022	042	049
1241	010	013	025	026	028	045
1242	011	034	045	048	051	054
1243	009	019	023	029	032	057
1244	002	008	015	025	034	045
1245	002	010	034	037	043	050
1246	010	037	040	043	057	059
1247	003	009	011	024	036	051
1248	020	033	034	057	058	060
1249	003	008	036	040	051	053
1250	001	002	024	040	051	059
1251	005	027	034	046	048	052
1252	002	014	035	039	049	051
1253	002	017	023	043	044	051
1254	007	009	014	018	029	039
1255	005	023	038	039	051	054
1256	026	033	035	038	043	053
1257	002	015	026	027	030	052
1258	011	026	047	055	057	059
1259	004	006	039	046	054	058
1260	019	023	029	031	041	053
1261	010	014	022	041	042	053
1262	005	007	008	009	011	039
1263	004	018	026	036	041	053
1264	004	017	036	037	051	056
1265	013	019	024	046	050	060
1266	006	010	033	039	042	060
1267	004	020	030	041	047	058
1268	003	016	017	044	053	060
1269	004	005	015	017	027	051
1270	005	009	024	031	033	042
1271	001	002	039	048	052	059
1272	013	026	027	028	035	052
1273	013	019	026	040	058	060
1274	013	017	021	039	040	059
1275	002	014	048	055	058	060
1276	005	009	011	022	036	040
1277	012	018	031	050	059	060
1278	004	016	024	025	030	056
1279	008	014	029	035	036	040
1280	006	010	016	020	029	054
1281	008	011	014	030	036	038
1282	004	023	039	052	055	056
1283	008	030	040	044	059	060
1284	020	021	026	029	031	036
1285	010	015	028	031	033	038
1286	002	005	028	033	051	052
1287	011	012	031	033	042	052
1288	017	030	032	040	042	056
1289	001	003	008	013	027	052
1290	002	003	014	023	034	050
1291	018	040	047	054	057	058
1292	009	011	023	030	031	054
1293	001	013	024	040	044	050
1294	004	006	029	048	050	051
1295	002	005	015	020	043	057
1296	010	014	043	046	049	053
1297	002	005	011	013	056	059
1298	014	015	030	053	055	060
1299	008	022	032	043	053	056
1300	043	044	046	053	054	059
1301	003	016	023	025	051	056
1302	002	010	015	044	056	057
1303	008	019	046	051	052	054
1304	007	014	015	020	023	035
1305	003	005	011	036	044	046
1306	006	019	022	034	043	045
1307	007	010	032	043	047	054
49.555.382,00	NAO	SIM	Informamos que o sorteio do concurso 1308 será realizado na terça-feira, dia 09/08/2011, às 20:00.
1308	007	008	024	030	033	047
1309	007	012	025	026	032	039
1310	008	009	014	032	053	059
1311	007	009	012	019	045	054
1312	005	020	022	028	029	030
1313	001	004	026	039	043	049
1314	038	042	044	052	058	060
1315	001	027	029	038	050	052
1316	008	013	025	034	042	048
1317	006	013	029	030	035	037
1318	011	014	016	028	034	046
1319	004	005	016	018	027	051
1320	017	024	025	038	041	055
1321	010	047	051	053	059	060
1322	010	021	043	047	053	055
1323	006	015	025	037	048	055
1324	018	029	031	044	051	057
1325	002	005	016	020	035	043
1326	010	011	018	019	030	050
1327	016	035	036	041	052	054
1328	010	023	027	043	053	059
1329	007	008	011	039	043	050
1330	008	018	021	030	048	049
1331	009	024	026	039	046	057
1332	003	005	013	024	035	059
1333	025	026	028	033	042	051
1334	001	006	008	010	025	027
1335	003	014	020	022	049	051
1336	001	032	038	047	051	054
1337	002	020	035	038	045	051
1338	001	018	019	033	043	060
1339	007	010	014	016	054	059
1340	013	021	030	036	059	060
1341	001	011	020	037	040	052
1342	005	007	042	046	050	060
1343	019	020	031	042	051	056
1344	008	019	021	036	042	059
1345	007	017	019	026	040	050
1346	012	032	040	047	048	059
1347	009	019	045	046	054	056
1348	007	012	038	039	045	056
1349	009	019	020	050	051	060
1350	003	004	029	036	045	055
1351	013	033	036	041	050	056
1352	009	018	024	035	036	059
1353	003	011	013	027	032	047
1354	002	008	038	042	048	049
1355	011	017	024	039	046	049
1356	006	013	021	022	031	046
1357	001	019	024	026	052	055
1358	003	015	016	035	037	047
1359	006	010	012	017	028	053
1360	002	016	017	025	050	054
1361	023	027	030	037	038	044
1362	002	012	019	022	036	058
1363	025	035	042	045	052	057
1364	010	013	020	040	044	053
1365	002	024	026	032	035	050
1366	012	027	037	044	054	059
1367	002	007	013	029	038	043
1368	010	021	026	029	032	038
1369	005	016	024	032	038	046
1370	002	004	005	027	049	059
1371	003	004	008	011	047	049
1372	003	036	040	046	058	060
1373	007	027	039	052	055	057
1374	006	021	028	031	033	043
1375	014	025	028	045	053	058
1376	009	011	021	049	053	054
1377	002	005	012	013	025	035
1378	002	005	017	018	054	059
1379	005	012	036	045	050	058
1380	003	014	052	055	057	060
1381	011	027	030	040	044	057
1382	005	013	016	017	027	055
1383	007	009	023	044	046	055
1384	002	018	030	031	045	056
1385	027	035	036	037	042	059
1386	012	028	038	039	051	056
1387	018	027	032	043	050	052
1388	022	029	031	043	050	054
1389	001	016	028	039	044	057
1390	004	019	027	028	029	031
1391	007	012	019	034	040	053
1392	002	008	012	028	033	043
1393	004	018	024	028	039	044
1394	011	016	024	035	046	050
1395	005	011	017	019	044	048
1396	029	048	052	054	055	058
1397	003	004	007	015	027	056
1398	014	032	033	040	042	051
1399	034	039	043	056	057	060
1400	009	026	034	043	053	054
1401	011	012	025	033	048	054
1402	002	009	010	021	027	038
1403	013	016	020	026	039	042
1404	007	008	027	031	032	051
1405	003	014	017	032	037	039
1406	007	010	017	024	038	057
1407	018	029	031	042	043	053
1408	004	019	020	024	039	043
1409	006	019	026	047	050	058
1410	018	029	040	042	050	054
1411	008	012	032	044	046	048
1412	006	008	024	037	041	045
1413	013	015	033	045	054	055
1414	021	037	044	046	049	057
1415	026	036	040	046	049	051
1416	003	019	022	024	035	049
1417	005	012	045	052	056	059
1418	007	008	010	012	027	056
1419	017	021	030	048	052	058
1420	002	011	016	018	036	045
1421	019	031	039	044	053	059
1422	002	005	013	017	039	044
1423	003	008	021	025	027	043
1424	003	007	015	029	038	060
1425	007	016	029	036	038	050
1426	006	015	018	024	030	044
1427	008	039	044	047	053	056
1428	007	015	019	034	037	055
1429	009	012	022	039	048	060
1430	002	019	022	030	046	052
1431	005	009	013	033	040	054
1432	016	024	025	042	045	059
1433	004	013	014	040	046	052
1434	003	018	022	034	055	058
1435	004	015	045	047	050	052
1436	001	013	023	024	030	057
1437	022	023	026	037	038	048
1438	007	014	031	033	036	049
1439	002	034	035	042	043	055
1440	002	006	028	036	051	056
1441	017	029	036	038	053	056
1442	012	013	020	030	034	049
1443	012	020	032	048	052	054
1444	002	005	027	028	048	055
1445	005	019	032	041	049	058
1446	006	013	024	032	040	051
1447	001	019	028	033	039	041
1448	001	025	029	036	056	060
1449	002	006	018	030	052	056
1450	026	027	031	038	044	045
1451	002	010	011	033	052	057
1452	002	014	028	050	057	058
1453	006	013	025	032	047	057
1454	004	027	029	041	048	052
1455	014	032	033	036	041	052
1456	006	008	014	026	036	040
1457	015	016	034	042	046	059
1458	002	004	016	033	044	051
1459	002	006	030	034	035	052
1460	004	014	027	038	050	052
1461	031	036	044	047	049	054
1462	005	009	025	027	038	040
1463	013	022	028	029	040	048
1464	002	024	032	050	054	059
1465	006	011	016	026	044	053
1466	004	006	013	034	037	051
1467	023	024	026	041	052	053
1468	001	002	010	019	020	037
1469	004	013	035	054	056	058
1470	002	034	036	038	051	055
1471	010	025	033	036	040	058
1472	012	018	023	025	045	050
1473	002	012	033	057	058	060
1474	001	002	003	011	028	043
1475	012	013	037	044	048	051
1476	004	010	026	037	047	057
1477	003	004	046	050	056	059
1478	010	027	037	040	047	055
1479	021	048	050	054	057	060
1480	009	014	021	026	036	052
1481	017	027	028	040	044	055
1482	006	009	011	034	041	053
1483	001	035	039	053	055	056
1484	017	020	024	029	049	053
1485	004	027	030	036	054	059
1486	001	006	010	034	040	054
1487	004	009	017	023	028	053
1488	004	022	025	038	045	051
1489	001	015	024	026	028	048
1490	001	003	031	032	043	052
1491	006	026	045	050	056	060
1492	004	009	018	044	046	048
1493	007	012	024	027	030	049
1494	002	014	024	028	035	050
1495	004	013	014	044	049	057
1496	014	018	028	041	047	054
1497	004	005	007	027	045	058
1498	006	011	027	040	046	049
1499	008	022	026	033	037	054
1500	010	018	031	043	057	059
1501	001	007	013	029	037	054
1502	006	022	043	051	052	057
1503	003	004	016	022	036	042
1504	002	010	012	030	041	042
1505	001	002	006	009	016	032
1506	003	014	018	034	042	049
1507	024	046	050	051	052	056
1508	017	018	030	035	039	058
1509	001	006	027	046	051	059
1510	001	008	017	044	046	053
1511	004	008	017	029	031	045
1512	011	028	035	042	046	058
1513	017	028	031	056	057	058
1514	016	017	023	042	059	060
1515	004	013	014	018	049	059
1516	004	018	020	034	045	060
1517	007	017	038	045	052	056
1518	008	009	028	041	048	055
1519	005	006	015	023	056	059
1520	007	031	035	036	046	048
1521	011	014	018	030	033	039
1522	005	008	023	032	033	056
1523	022	025	031	039	041	044
1524	002	012	040	046	052	053
1525	002	026	030	035	046	054
1526	010	016	028	047	051	059
1527	016	032	036	042	044	048
1528	004	013	015	019	036	058
1529	011	015	017	034	035	049
1530	010	016	028	033	048	053
1531	012	013	024	041	042	044
1532	002	011	023	031	042	044
1533	013	021	029	034	047	057
1534	001	012	028	029	034	048
1535	008	009	025	041	054	055
1536	013	018	029	032	050	058
1537	006	010	033	050	051	056
1538	023	027	035	052	053	057
1539	008	010	020	026	049	058
1540	003	017	027	032	047	054
1541	005	024	037	044	049	058
1542	007	011	012	030	039	057
1543	007	015	020	023	030	041
1544	002	021	030	035	045	050
1545	004	006	011	024	045	048
1546	004	017	038	044	053	060
1547	002	009	010	018	021	028
1548	019	041	042	044	047	054
1549	010	012	016	020	032	053
1550	009	013	021	027	036	056
1551	002	015	019	021	023	038
1552	007	018	024	026	039	046
1553	020	021	022	029	046	060
1554	030	032	049	050	052	053
1555	002	005	023	033	052	059
1556	001	004	007	010	011	052
1557	004	016	018	031	045	046
1558	007	015	017	031	042	054
1559	008	012	016	029	037	058
1560	020	030	036	038	047	053
1561	023	026	028	054	055	060
1562	010	012	023	037	047	051
1563	001	006	013	020	036	043
1564	025	038	044	046	053	054
1565	018	037	039	041	043	051
1566	005	006	011	032	036	060
1567	002	015	030	038	048	053
1568	019	024	025	028	042	058
1569	005	015	018	031	042	053
1570	015	018	024	042	046	056
1571	003	029	032	046	055	060
1572	020	027	042	045	046	047
1573	007	016	021	035	036	038
1574	006	027	028	033	046	048
1575	001	004	005	014	045	056
1576	013	015	021	026	030	046
1577	011	014	025	032	051	059
1578	003	006	030	037	053	056
1579	025	034	040	049	051	060
1580	001	006	014	017	033	036
1581	014	015	025	030	031	034
1582	001	004	013	017	038	048
1583	002	009	017	018	045	047
1584	003	022	027	028	050	054
1585	002	043	047	048	049	055
1586	008	039	043	046	047	058
1587	008	019	021	030	052	056
1588	023	029	032	036	045	049
1589	004	005	011	019	041	051
1590	007	020	034	040	044	055
1591	004	010	023	033	038	055
1592	031	036	038	041	042	049
1593	004	009	017	018	021	038
1594	006	007	008	023	043	053
1595	002	005	008	042	046	059
1596	001	005	007	010	012	045
1597	005	010	016	044	050	052
1598	029	031	036	042	047	053
1599	003	010	015	035	036	058
1600	009	023	032	035	046	057
1601	008	010	024	045	056	060
1602	008	012	022	035	040	044
1603	013	020	027	031	053	060
1604	002	021	024	027	040	051
1605	009	019	021	030	031	042
1606	001	015	037	042	046	054
1607	007	031	032	041	051	052
1608	005	006	017	043	054	059
1609	002	006	013	026	053	060
1610	001	004	009	035	036	053
1611	024	028	047	050	051	058
1612	006	013	017	036	042	051
1613	004	018	031	044	046	049
1614	014	017	021	027	043	049
1615	005	020	026	031	033	044
1616	028	031	040	042	046	058
1617	003	023	026	031	047	054
1618	009	020	024	043	051	052
1619	005	008	017	042	046	047
1620	013	023	027	034	038	057
1621	010	022	024	038	039	049
1622	004	005	007	021	045	053
1623	033	043	049	050	056	059
1624	002	027	032	041	047	058
1625	011	022	036	040	045	052
1626	003	005	014	035	043	052
1627	020	026	032	041	045	057
1628	026	029	034	038	050	060
1629	004	020	024	035	047	059
1630	001	007	030	043	044	054
1631	004	029	044	047	048	060
1632	006	018	024	027	056	059
1633	001	002	011	013	036	049
1634	009	010	023	033	044	051
1635	008	023	028	030	032	051
1636	019	026	033	035	051	052
1637	001	005	024	047	055	056
1638	001	002	038	041	042	058
1639	016	029	034	035	049	051
1640	002	006	018	023	031	046
1641	023	029	030	033	046	051
1642	003	023	042	043	047	060
1643	016	019	020	028	037	060
1644	010	013	016	022	034	060
1645	008	018	021	031	037	038
1646	019	023	034	040	041	058
1647	012	017	023	038	053	054
1648	015	016	018	020	022	048
1649	024	033	038	042	044	054
1650	017	023	029	038	057	060
1651	008	027	035	038	041	044
1652	007	024	026	028	044	057
1653	001	021	022	027	032	045
1654	007	016	033	042	050	058
1655	007	024	028	046	053	056
1656	004	006	011	043	054	056
1657	007	010	014	037	045	054
1658	007	011	019	023	040	049
1659	004	010	020	033	037	049
1660	008	017	034	038	042	051
1661	013	016	027	043	048	058
1662	010	014	025	029	033	057
1663	018	020	027	040	049	055
1664	008	021	023	029	036	048
1665	001	005	011	016	020	056
1666	001	002	023	027	045	051
1667	007	012	024	044	051	056
1668	005	040	047	052	055	057
1669	028	029	031	045	048	049
1670	001	017	019	030	033	047
1671	021	027	031	045	055	056
1672	001	003	005	010	020	042
1673	005	010	023	024	035	047
1674	022	030	042	050	058	059
1675	003	018	034	035	036	056
1676	001	002	011	037	048	051
1677	010	015	028	033	051	052
1678	009	011	017	019	035	052
1679	001	002	027	028	046	047
1680	023	037	038	046	047	051
1681	001	006	008	011	033	050
1682	007	013	035	037	039	051
1683	004	012	032	033	034	048
1684	009	012	018	031	039	050
1685	003	018	031	039	046	051
1686	009	014	037	044	046	055
1687	015	024	037	046	049	058
1688	018	023	030	032	042	056
1689	002	005	013	027	041	053
1690	021	024	026	035	045	053
1691	001	010	024	039	045	058
1692	011	013	014	027	044	056
1693	005	015	018	019	021	038
1694	020	029	034	037	045	057
1695	024	036	038	043	044	058
1696	001	012	017	031	037	046
1697	008	023	030	051	053	058
1698	011	013	024	028	044	045
1699	001	006	010	030	033	038
1700	015	018	041	048	050	058
1701	003	009	018	032	040	056
1702	017	019	033	035	039	052
1703	003	023	026	035	039	049
1704	001	007	011	032	051	059
1705	025	027	029	037	050	051
1706	012	031	034	036	048	056
1707	007	016	020	027	036	052
1708	017	029	032	038	045	050
1709	007	019	030	035	042	047
1710	007	021	028	056	058	059
1711	022	026	038	039	045	050
1712	002	012	019	029	050	059
1713	003	010	016	023	027	029
1714	002	008	024	036	051	052
1715	016	020	035	040	053	060
1716	002	025	036	041	042	053
1717	002	009	016	037	044	058
1718	004	030	031	032	047	053
1719	001	022	031	034	044	054
1720	018	023	031	039	049	057
1721	004	012	019	033	036	038
1722	009	023	039	041	049	058
1723	014	027	030	046	052	060
1724	027	033	037	039	058	060
1725	016	018	026	030	031	034
1726	003	010	042	049	054	057
1727	004	006	019	020	040	041
1728	003	008	028	039	042	059
1729	007	014	023	043	044	053
1730	001	010	017	024	042	051
1731	005	018	027	043	049	059
1732	025	034	038	045	053	060
1733	003	005	009	014	041	046
1734	012	017	025	029	041	052
1735	006	016	033	034	045	046
1736	012	013	024	029	032	041
1737	005	008	042	050	051	059
1738	012	028	037	046	048	053
1739	009	010	017	032	034	046
1740	010	015	025	038	047	053
1741	015	018	020	032	048	049
1742	011	019	021	023	027	052
1743	004	010	029	031	034	035
1744	009	012	014	029	042	056
1745	009	013	018	047	052	060
1746	006	018	037	040	041	058
1747	006	033	034	048	053	059
1748	002	010	013	041	049	053
1749	003	013	014	029	033	043
1750	015	017	020	031	041	048
1751	015	022	023	042	051	057
1752	009	036	037	053	055	060
1753	008	015	029	035	045	054
1754	020	027	030	031	040	053
1755	002	005	008	018	030	048
1756	006	013	014	028	035	045
1757	013	025	028	037	043	056
1758	006	011	016	023	036	042
1759	002	014	021	022	051	060
1760	010	024	025	036	047	048
1761	009	010	036	050	053	055
1762	026	032	042	045	055	059
1763	009	012	015	021	031	036
1764	006	007	029	039	041	055
1765	001	006	028	037	056	058
1766	022	023	041	046	053	060
1767	016	026	035	039	044	045
1768	005	007	011	034	035	050
1769	032	037	044	047	054	060
1770	011	026	027	030	034	041
1771	002	020	027	028	032	038
1772	012	019	027	039	041	045
1773	015	030	039	041	045	059
1774	001	012	020	030	052	060
1775	002	018	031	042	051	056
1776	010	011	014	019	039	048
1777	004	019	038	044	052	055
1778	004	010	038	040	045	048
1779	012	025	030	039	056	057
1780	006	020	022	031	033	034
1781	001	008	022	049	052	053
1782	006	018	034	047	052	057
1783	004	006	016	018	021	038
1784	004	015	026	030	054	055
1785	005	011	027	041	042	054
1786	002	006	008	021	025	034
1787	001	005	013	025	026	029
1788	003	013	042	045	056	059
1789	006	025	043	057	058	059
1790	011	013	026	027	028	050
1791	012	018	046	050	053	055
1792	002	016	017	018	041	047
1793	013	014	022	054	056	058
1794	001	005	034	037	040	060
1795	030	042	047	050	055	058
1796	022	023	034	048	053	054
1797	002	013	014	035	054	057
1798	002	009	023	028	045	053
1799	001	003	004	039	051	053
1800	006	011	016	019	031	056
1801	006	019	034	043	045	054
1802	002	006	013	014	017	044
1803	004	008	029	038	049	050
1804	020	021	028	048	050	059
1805	017	022	027	031	049	057
1806	011	020	035	042	055	058
1807	001	015	016	022	025	043
1808	002	014	020	025	041	045
1809	009	012	023	024	046	054
1810	001	010	025	043	050	056
1811	005	017	032	035	037	057
1812	020	023	032	034	037	045
1813	009	011	013	015	019	051
1814	009	011	027	046	051	053
1815	008	011	025	039	041	060
1816	005	010	012	022	028	046
1817	001	004	026	039	047	055
1818	002	006	010	015	053	056
1819	017	018	026	030	033	037
1820	003	019	023	027	040	045
1821	019	022	031	036	052	053
1822	001	022	026	043	050	053
1823	004	009	021	034	054	059
1824	005	006	012	019	030	060
1825	010	011	021	050	051	054
1826	017	019	032	043	048	051
1827	026	033	042	043	053	054
1828	006	011	032	040	048	059
1829	007	013	024	030	032	053
1830	003	007	029	037	054	060
1831	015	027	028	032	048	055
1832	014	034	046	047	056	057
1833	002	003	007	016	027	042
1834	002	017	022	024	048	051
1835	008	028	036	047	050	058
1836	008	015	018	045	059	060
1837	041	044	048	050	054	057
1838	005	008	024	030	057	059
1839	007	022	028	032	056	058
1840	015	017	033	041	047	048
1841	003	006	013	038	049	051
1842	016	018	022	024	034	043
1843	008	026	028	033	041	054
1844	003	004	037	039	048	050
1845	003	009	013	029	030	051
1846	006	024	026	030	034	049
1847	001	006	045	049	050	057
1848	009	040	041	050	055	058
1849	003	005	011	027	035	044
1850	023	024	032	038	040	041
1851	008	018	021	022	035	037
1852	013	017	029	045	049	050
1853	001	002	034	039	041	045
1854	025	030	031	034	043	059
1855	006	010	015	024	038	039
1856	002	009	014	022	032	037
1857	013	023	025	035	052	053
1858	022	028	030	033	055	059
1859	001	013	014	021	026	051
1860	010	030	036	040	044	060
1861	002	004	009	035	045	060
1862	002	008	035	042	049	056
1863	016	023	045	056	058	059
1864	004	005	014	037	040	060
1865	001	005	031	032	037	042
1866	014	017	036	038	044	060
1867	003	010	017	021	022	043
1868	001	005	023	025	028	031
1869	011	023	024	026	040	052
1870	018	020	030	032	033	040
1871	003	011	017	033	052	058
1872	011	013	025	039	046	056
1873	005	025	028	041	053	054
1874	010	028	037	043	044	047
1875	001	045	047	052	053	055
1876	007	018	039	041	044	051
1877	013	016	023	024	032	035
1878	012	016	026	040	056	057
1879	005	010	020	057	058	059
1880	005	016	019	037	051	056
1881	003	010	030	044	053	056
1882	009	010	019	035	037	041
1883	016	027	028	047	059	060
1884	001	004	023	032	038	059
1885	007	014	018	023	032	059
1886	003	007	015	040	045	054
1887	011	023	034	041	046	056
1888	001	010	017	018	045	048
1889	016	023	025	028	030	044
1890	005	011	022	024	051	053
1891	001	003	019	023	047	058
1892	006	017	022	030	037	050
1893	016	017	019	028	045	058
1894	021	031	035	053	054	057
1895	002	003	005	010	015	034
1896	003	006	014	015	021	025
1897	009	022	025	047	052	058
1898	012	034	045	053	055	058
1899	020	023	035	036	044	048
1900	008	011	027	028	043	046
1901	011	012	026	030	037	053
1902	002	007	009	018	021	025
1903	009	010	015	028	043	045
1904	012	015	018	021	051	056
1905	029	035	043	054	056	057
1906	006	027	033	039	040	060
1907	003	025	035	038	044	048
1908	004	010	013	023	027	057
1909	011	040	043	045	047	057
1910	006	009	015	022	039	048
1911	016	018	023	030	032	033
1912	010	013	033	035	036	042
1913	004	014	017	043	052	056
1914	016	029	033	039	042	044
1915	002	020	021	033	048	057
1916	003	009	018	023	050	052
1917	004	021	025	033	036	046
1918	016	017	020	022	038	050
1919	011	028	037	045	054	060
1920	025	031	033	039	043	045
1921	010	015	016	019	028	035
1922	020	022	036	038	041	043
1923	009	034	042	045	046	059
1924	012	016	030	052	053	058
1925	001	017	038	043	045	047
1926	002	003	014	020	030	046
1927	005	011	013	019	030	031
1928	010	026	028	051	053	059
1929	003	010	023	036	043	052
1930	004	017	018	037	052	056
1931	002	008	009	015	022	034
1932	010	016	021	029	044	055
1933	002	014	015	019	035	059
1934	008	023	035	039	056	059
1935	001	003	010	017	023	024
1936	003	012	024	040	051	052
1937	006	010	024	029	043	055
1938	010	016	032	040	042	054
1939	007	024	029	039	045	052
1940	009	013	016	017	036	047
1941	001	009	024	038	048	049
1942	006	018	020	024	043	048
1943	009	011	012	030	039	043
1944	008	009	039	047	057	059
1945	004	008	010	021	045	054
1946	004	006	039	044	052	060
1947	008	033	040	052	055	059
1948	012	020	024	028	033	057
1949	001	006	014	022	030	056
1950	010	021	032	034	048	057
1951	014	016	019	021	033	055
1952	009	021	036	038	052	053
1953	009	026	029	042	043	045
1954	009	025	033	035	040	049
1955	015	027	033	036	041	045
1956	005	008	020	028	040	045
1957	002	014	022	023	029	047
1958	015	020	022	024	034	055
1959	008	021	027	035	043	056
1960	001	018	025	037	039	043
1961	017	025	026	030	032	050
1962	005	006	015	025	039	053
1963	004	005	007	034	042	060
1964	002	027	032	036	048	050
1965	026	028	035	038	048	055
1966	010	013	019	032	040	060
1967	013	030	032	039	046	054
1968	035	036	039	044	048	052
1969	008	020	030	032	048	059
1970	005	010	018	024	039	052
1971	004	010	041	044	052	054
1972	009	016	020	054	057	059
1973	001	012	016	017	052	060
1974	004	019	027	038	054	057
1975	008	011	024	026	047	057
1976	012	014	019	025	052	059
1977	003	016	028	032	034	037
1978	002	006	022	044	055	057
1979	022	023	029	032	038	045
1980	012	016	017	018	034	037
1981	006	015	019	037	039	053
1982	004	014	020	024	046	050
1983	005	006	010	014	022	036
1984	021	029	032	035	043	050
1985	009	028	029	034	036	055
1986	023	036	043	044	055	056
1987	010	014	031	034	045	058
1988	005	010	039	042	046	054
1989	015	022	030	032	040	058
1990	011	024	026	034	037	059
1991	019	020	028	034	036	044
1992	005	011	013	021	053	054
1993	006	017	033	048	050	057
1994	002	005	012	032	040	044
1995	014	026	029	035	037	039
1996	007	020	021	024	040	056
1997	001	007	014	031	035	046
1998	008	021	024	025	052	057
1999	015	037	038	042	049	050
2000	003	006	010	017	034	037
2001	020	022	036	042	052	060
2002	004	028	030	038	046	059
2003	028	034	040	043	050	051
2004	001	005	014	023	035	045
2005	011	019	022	033	034	053
2006	001	009	014	020	025	054
2007	004	014	039	041	054	058
2008	022	027	033	042	058	059
2009	001	037	044	046	048	050
2010	008	010	018	034	039	056
2011	002	028	032	035	054	058
2012	008	011	027	035	036	051
2013	006	023	030	036	053	056
2014	016	032	040	046	053	056
2015	017	018	027	032	039	058
2016	004	011	017	018	021	048
2017	002	010	011	024	038	056
2018	011	022	025	027	055	059
2019	023	041	046	052	054	059
2020	002	036	046	048	057	060
2021	007	014	032	037	040	060
2022	004	028	045	048	052	060
2023	001	006	007	008	023	056
2024	016	020	023	029	035	047
2025	004	024	046	052	055	056
2026	010	023	031	033	051	052
2027	011	015	029	037	039	044
2028	007	011	024	036	042	058
2029	006	015	018	033	037	040
2030	004	027	038	040	058	059
2031	018	023	037	039	050	055
2032	006	014	019	020	039	053
2033	010	018	033	038	040	043
2034	006	007	013	017	022	056
2035	030	035	036	038	049	052
2036	007	008	019	023	027	058
2037	014	016	023	030	045	060
2038	006	025	026	035	038	040
2039	006	012	022	028	031	044
2040	006	009	041	054	056	058
2041	010	012	022	025	042	054
2042	014	022	029	032	033	035
2043	021	038	053	056	057	058
2044	007	014	047	054	056	060
2045	015	025	027	045	046	050
2046	003	006	011	027	028	046
2047	001	018	019	029	044	054
2048	010	019	026	035	038	039
2049	010	019	027	031	051	053
2050	008	031	032	033	038	050
2051	001	005	006	037	044	053
2052	050	051	056	057	058	059
2053	012	022	027	037	040	055
2054	004	007	012	022	026	039
2055	006	025	035	043	046	053
2056	018	022	029	034	036	047
2057	010	013	020	037	038	054
2058	004	019	023	029	056	059
2059	004	005	036	040	044	056
2060	008	009	011	025	039	041
2061	033	036	040	044	045	054
2062	008	010	015	023	025	034
2063	006	010	019	024	025	029
2064	010	014	036	053	055	060
2065	004	011	020	030	037	043
2066	006	025	027	035	045	055
2067	002	011	013	026	032	059
2068	003	005	009	040	042	047
2069	003	017	034	035	040	048
2070	005	026	027	034	042	048
2071	024	033	034	035	046	060
2072	010	012	013	020	022	054
2073	012	015	018	030	052	055
2074	008	018	023	037	042	058
2075	007	009	023	033	057	059
2076	005	006	012	015	022	043
2077	013	016	026	035	037	039
2078	002	011	015	030	036	039
2079	001	002	014	037	055	058
2080	010	022	040	046	055	058
2081	013	018	035	040	041	042
2082	006	025	033	042	048	049
2083	001	018	019	033	056	060
2084	007	020	026	037	038	039
2085	012	021	025	037	038	049
2086	004	035	043	046	047	053
2087	002	018	019	023	034	053
2088	003	014	024	027	038	056
2089	005	010	032	038	048	049
2090	008	011	018	037	040	051
2091	010	011	012	037	038	059
2092	011	013	015	017	022	027
2093	008	014	027	034	052	054
2094	004	016	019	031	033	044
2095	016	029	035	043	049	056
2096	006	011	013	019	024	051
2097	009	024	028	045	049	051
2098	002	008	018	027	038	060
2099	005	015	020	027	030	058
2100	001	010	011	013	035	049
2101	002	008	018	037	056	058
2102	004	006	017	034	051	057
2103	003	013	040	044	046	050
2104	002	010	012	027	045	056
2105	011	013	016	024	031	046
2106	003	027	036	039	040	043
2107	008	038	044	050	056	060
2108	019	022	029	041	044	059
2109	004	012	016	034	044	049
2110	005	010	012	018	025	033
2111	001	041	044	046	054	058
2112	017	039	043	046	052	053
2113	011	014	021	025	046	050
2114	017	025	030	035	042	057
2115	004	019	027	035	040	044
2116	001	009	019	021	034	054
2117	004	028	029	030	043	052
2118	011	012	020	040	041	046
2119	019	021	026	031	042	049
2120	013	020	024	025	038	041
2121	008	010	017	029	037	040
2122	003	011	015	021	027	049
2123	014	015	047	050	056	059
2124	002	011	020	031	043	047
2125	001	031	044	046	053	058
2126	007	012	024	027	039	058
2127	001	007	028	030	044	046
2128	011	016	024	046	054	055
2129	006	012	031	032	046	060
2130	013	016	036	053	054	055
2131	002	003	006	018	020	028
2132	005	018	030	035	039	060
2133	019	020	026	051	052	057
2134	006	021	034	046	054	059
2135	009	023	028	040	048	059
2136	001	008	011	022	030	035
2137	001	002	011	012	034	049
2138	004	013	014	021	030	034
2139	014	023	029	041	057	058
2140	017	020	026	036	042	054
2141	010	011	017	019	037	041
2142	007	040	044	050	052	057
2143	002	012	035	051	057	058
2144	007	016	021	033	055	060
2145	006	008	028	051	053	059
2146	016	018	031	039	042	044
2147	017	019	037	041	042	049
2148	008	015	032	033	058	059
2149	021	023	037	044	046	048
2150	023	024	026	038	042	049
2151	002	014	018	029	036	038
2152	026	029	036	049	050	059
2153	008	013	028	031	032	033
2154	007	025	041	047	050	053
2155	002	006	027	037	044	047
2156	001	006	023	026	039	049
2157	031	033	034	035	039	048
2158	009	027	035	045	046	059
2159	014	026	035	038	045	053
2160	001	019	046	047	049	053
2161	008	009	010	024	042	044
2162	011	016	022	030	034	042
2163	008	018	020	024	036	045
2164	016	017	025	047	048	058
2165	005	037	043	049	054	056
2166	003	019	034	044	056	058
2167	027	037	038	043	045	054
2168	001	004	025	027	029	037
2169	007	034	045	051	054	059
2170	010	021	024	036	038	051
2171	012	013	019	036	044	055
2172	009	024	028	037	043	057
2173	002	009	042	044	048	050
2174	010	015	034	036	056	060
2175	007	025	032	043	053	055
2176	008	023	025	039	043	044
2177	009	011	014	031	048	051
2178	002	016	021	042	050	056
2179	002	013	024	035	050	054
2180	010	012	016	021	028	038
2181	001	008	019	033	036	048
2182	019	022	039	046	047	059
2183	013	026	030	034	043	051
2184	015	036	045	051	052	059
2185	009	018	019	022	042	047
2186	012	018	019	027	041	046
2187	010	011	016	021	046	050
2188	002	017	021	028	051	060
2189	004	011	016	022	029	033
2190	005	009	020	025	035	053
2191	004	008	026	033	046	053
2192	007	016	037	053	057	059
2193	007	008	022	027	029	042
2194	008	016	020	021	031	034
2195	014	024	032	038	046	053
2196	001	025	027	028	041	056
2197	003	011	029	035	044	057
2198	001	011	034	036	044	056
2199	015	023	030	035	038	044
2200	011	015	028	036	043	055
2201	003	013	023	041	049	053
2202	011	029	037	038	043	060
2203	017	034	046	049	050	057
2204	001	028	029	032	035	056
2205	012	021	028	037	042	057
2206	006	027	038	042	045	057
2207	006	010	011	043	053	055
2208	016	025	030	040	045	049
2209	022	025	028	032	033	047
2210	011	017	024	025	033	034
2211	027	036	040	041	044	054
2212	023	026	051	052	053	058
2213	005	007	010	032	046	060
2214	004	010	018	030	034	047
2215	001	019	021	023	033	043
2216	010	024	042	043	048	049
2217	010	014	016	030	032	036
2218	006	016	022	038	048	052
2219	008	028	036	045	057	059
2220	003	035	038	040	057	058
2221	005	023	034	045	056	057
2222	013	014	029	030	048	059
2223	002	026	040	042	049	056
2224	016	023	032	050	052	058
2225	001	032	037	044	046	047
2226	002	004	007	016	030	038
2227	006	009	012	027	032	057
2228	009	019	023	032	039	045
2229	006	011	029	040	041	058
2230	007	017	026	039	056	060
2231	004	013	025	040	053	057
2232	007	008	031	034	038	047
2233	004	006	032	035	041	045
2234	004	021	027	029	042	047
2235	014	018	030	035	055	057
2236	007	020	038	043	045	053
2237	011	020	027	028	053	060
2238	011	036	045	055	057	058
2239	007	027	031	039	045	046
2240	007	009	010	019	025	058
2241	001	013	018	026	040	056
2242	005	009	018	024	025	042
2243	014	018	028	035	038	054
2244	003	005	011	034	037	042
2245	011	014	015	018	033	034
2246	005	009	024	027	033	046
2247	001	042	044	047	048	053
2248	009	015	020	029	030	042
2249	004	009	031	047	049	053
2250	027	033	039	052	057	058
2251	005	015	022	026	054	058
2252	001	017	030	037	046	050
2253	031	032	033	039	052	055
2254	004	009	024	044	047	056
2255	015	020	039	041	049	057
2256	009	010	030	037	047	054
2257	018	021	030	031	034	051
2258	001	005	007	014	023	026
2259	020	027	041	054	056	058
2260	012	014	034	035	037	047
2261	007	023	026	027	029	051
2262	007	008	014	023	030	046
2263	009	024	033	043	049	057
2264	002	003	008	019	029	037
2265	014	020	023	039	046	050
2266	010	023	031	037	058	059
2267	020	032	033	048	049	053
2268	004	013	023	028	030	052
2269	001	011	014	023	029	055
2270	014	016	038	039	041	048
2271	006	010	027	028	041	052
2272	002	005	011	024	041	049
2273	015	016	020	038	040	058
2274	008	011	017	033	040	055
2275	002	004	025	036	050	053
2276	005	015	018	027	049	057
2277	010	022	023	037	053	060
2278	008	017	034	037	043	045
2279	005	012	014	020	027	028
2280	028	029	031	050	058	059
2281	014	027	035	040	050	055
2282	012	027	030	036	045	052
2283	004	024	037	043	059	060
2284	004	010	012	014	036	046
2285	001	007	010	012	033	042
2286	009	021	030	041	042	043
2287	002	004	006	029	041	056
2288	002	026	035	039	040	056
2289	006	009	034	037	038	045
2290	005	018	036	044	057	060
2291	012	026	031	036	037	049
2292	006	016	018	033	042	057
2293	001	002	010	037	042	048
2294	009	015	020	033	041	043
2295	006	013	026	028	035	041
2296	001	006	021	029	036	059
2297	020	022	035	040	041	059
2298	013	017	021	031	041	049
2299	002	003	019	040	044	060
2300	009	021	037	039	043	054
2301	017	018	035	036	047	052
2302	018	022	025	027	043	044
2303	003	007	017	020	048	050
2304	012	021	029	054	056	057
2305	007	016	022	038	055	057
2306	003	019	028	033	057	058
2307	016	033	038	046	053	055
2308	009	013	026	038	058	060
2309	009	011	029	030	033	060
2310	013	017	028	029	042	053
2311	003	005	009	035	043	060
2312	003	027	039	046	047	060
2313	003	020	026	045	049	058
2314	006	007	028	042	045	049
2315	001	010	017	026	030	053
2316	002	011	043	049	052	056
2317	003	008	030	033	035	048
2318	028	044	052	054	058	060
2319	006	017	025	035	040	049
2320	006	030	035	039	042	048
2321	014	025	028	041	043	046
2322	002	005	010	029	034	041
2323	020	027	035	039	050	059
2324	002	016	019	031	043	060
2325	033	034	037	046	052	060
2326	010	016	027	034	036	057
2327	030	037	045	054	057	058
2328	008	011	014	039	048	053
2329	012	014	028	042	045	055
2330	017	020	022	035	041	042
2331	011	013	016	036	053	057
2332	012	033	035	036	044	052
2333	009	016	031	041	053	055
2334	004	013	020	022	025	060
2335	009	018	023	042	047	049
2336	008	010	020	027	028	050
2337	002	009	034	049	051	055
2338	008	021	023	034	042	047
2339	004	018	029	047	048	059
2340	016	021	028	041	049	051
2341	004	009	031	032	042	046
2342	017	020	024	027	040	060
2343	004	031	042	045	049	056
2344	011	017	025	038	052	057
2345	007	016	019	022	028	055
2346	003	004	011	040	042	058
2347	008	009	017	030	058	060
2348	002	003	007	048	051	054
2349	005	010	025	032	049	054
2350	025	028	029	034	041	045
2351	019	022	035	041	047	049
2352	009	017	038	041	049	055
2353	003	019	034	041	048	053
2354	006	018	025	030	042	054
